 46.6181 -13.0814 -26.9676 -0.159632 0.42402
 46.3156 -9.31745 -24.4094 0.825945 0.755265
 48.3031 -9.28781 -20.0299 0.374942 0.876142
 47.9295 -11.0581 -15.6201 1.02728 0.924061
 51.9337 -9.59285 -13.1782 0.769588 0.922627
 56.0026 -7.72037 -11.4296 0.297288 1.02551
 48.7596 -7.45036 -28.0775 1.29099 0.92949
 57.3626 -4.95214 -7.56105 0.234343 1.11999
 49.4675 -5.15398 -18.2377 1.04158 1.2485
 62.1277 -5.46609 -6.67768 -0.101388 1.07605
 56.5827  -5.8987 -2.87891 0.547188 1.28685
 51.6181 -8.27256 -15.3123 1.56543 0.407252
 47.9135 -2.87517 -14.4956 0.323678 0.912743
 57.3087 -0.79301  -9.1439 1.7209 0.957962
 51.4029 -7.26297 -12.0391 0.653272 0.0238269
  47.629 -5.74045  -16.971 -1.59123 0.512558
 48.7525 0.861053 -11.5188 0.16784 1.20622
 47.1424 -1.94539 -21.0522 1.372 1.15983
 66.7696 -6.66423 -6.06574 0.301276 0.977503
 47.1135  1.65976 -6.93755 0.360786 1.19147
 52.6922 -7.62764  -1.2749 -0.343313 0.825918
 45.1967  4.47741 -9.88783 -0.994662 1.3136
 45.8504 -2.47048 -21.8565 -1.30754 0.591989
 56.7757 -10.4717 -3.15822 0.467607 0.123251
 48.9078 -3.07059 -29.4693 0.322702 1.16728
 54.6209 -11.4496 -17.1973 0.872489 0.382358
 69.0724 -9.80159 -3.72329 1.31641 0.619817
 55.8913 -11.2585 -2.92636 3.06036 0.839467
 49.8928 -12.1988  -11.071 -1.99226 1.38913
  48.215 -10.6449 -8.46016 1.66983 0.463607
 45.9634 -3.83609 -10.2496 0.908301 0.807959
  73.774 -8.89474 -3.30986 0.858659 0.743823
 60.0402 -4.22099 -4.40657 2.42369 1.24542
 78.1782 -7.84423 -5.06544 1.2737 0.727313
  68.6706  -8.01371 -0.662822 0.529749 0.0369102
 82.7906  -7.6349 -6.54523 1.01038 0.918486
 71.1292 -7.56231  2.53427 -2.21091 0.121313
 70.8614 -2.78561  2.44533 -1.73533 0.29067
 51.3848 -5.58617 -2.50449 -3.08063 1.28892
   59.6313   -12.2602 -0.0290911 -0.0875453 0.773087
 81.9506 -3.18711 -4.99394 1.28085 0.543532
 85.6909 -7.12706 -10.4768 1.1901 0.833861
 48.2547 -2.32053 -13.2755 -0.758811 0.783413
 49.6068  3.88547 -7.07253 -0.799486 1.10466
 51.1543 -1.81753 0.538097 -2.75217 1.41337
 90.0365 -8.56391  -12.248 1.31278 0.987843
 76.4575 -4.85203 -7.41762 -0.922836 0.454656
 92.1129 -7.82253  -16.533 0.949389 0.808155
 88.2868 -9.80835 -18.6889 0.448604 0.768345
 96.4125 -7.12744 -18.8248 0.837391 0.931334
 94.2485 -5.19236 -21.9757 -1.12615 1.11472
 51.2874  2.76723 -14.9748 -0.73654 1.1828
 95.2896 -6.91914 -26.4793 -1.16086 0.952489
 46.3075 -9.92205 -4.04396 1.99183 0.379283
 99.8372 -6.24555 -15.4752 0.55352 1.03478
 53.4892 -13.5416 -10.0992 0.5462 1.16708
 75.9243 -8.73249  2.27709 -2.27935 0.225256
 91.6862 -4.39018 -27.9779 -0.308411 0.756042
 76.7053 -3.94412 -11.4854 -1.40714 0.0307624
 67.3186 -4.22305  3.24088 1.50359 0.245221
 99.2361 -2.50205 -13.0048 -0.677279 0.841301
 51.3501 -1.74779  1.79074 1.83004 0.271978
 99.9077  -8.3078 -20.7921 -1.2673 0.578701
 53.1791 -8.03346 -26.3854 1.93644 0.979624
 63.1395 -3.35987  4.12723 -0.379269 0.203471
 54.7872 -3.51105 -25.8163 1.85577 0.560605
 99.1185 -4.02063 -8.66781 0.328799 1.04513
 51.1687  3.20164 -3.55381 2.27154 1.30343
  49.1073 -0.998734   1.27452 1.55111 1.49985
 92.5572 -11.1588 -8.91838 1.09269 0.957913
 47.2191 -9.13145 -6.46025 1.76374 0.174636
 45.3895  -9.6815 -12.5937 -0.690333 0.193504
 47.3794 -6.53722  -1.9805 0.26347 1.16086
 57.8228 -3.60683 -21.8698 1.8714 0.515637
 47.2633 -8.09674 -7.62379 -2.37064 0.941263
 53.9946 -4.85502 -14.1041 -1.93506 0.146521
 97.5711  -2.4973 -23.2114 0.120599 0.720778
 99.6366 -8.13756  -6.9706 1.41797 0.58356
  91.402 -2.47113 -24.0773 -0.0352637 1.11713
 49.3768  -9.4491 -23.4691 1.18394 0.232805
74.0843 -3.1844 2.41593 -1.37916 0.788021
46.6649 2.07977 4.30865 1.60139 1.44431
 79.6863 -1.04735 -12.6294 0.618273 0.0716001
 54.2046 -13.9621 -8.61459 0.173164 1.50241
 91.4847  -13.094 -19.7718 0.0192413 0.331021
 56.9279 -6.55009 -1.91138 -1.70326 1.01908
 56.4344 -8.59816 -29.9632 1.90677 0.619254
 46.2293 -13.7447 -10.9781 0.972037 0.833654
  58.132  -1.1276 -28.3736 2.27606 0.495463
 98.8504  1.32977 -15.4514 0.595223 0.881058
 54.9826  2.44745 -17.2847 -2.42127 0.976034
 93.1838 -12.6569 -6.16733 -0.941185 1.00058
 93.2902 -9.80825 -2.32203 -1.52476 1.05695
  99.4315 -0.878048  -27.2775 0.846457 0.713599
 45.1398  2.86531 -5.29042 -1.63488 1.00105
  52.658 -3.15817 -11.4784 -3.08831 0.73546
 96.2402 -7.94122 0.920576 -1.37129 0.504577
 86.0921 -3.00306 -9.73019 -1.09284 0.747386
93.1639 -9.9257 2.60023 1.32612 0.724014
 48.0949  -13.448 -21.5223 1.82496 1.15217
 68.1507 -4.49263  1.49342 -0.944869 0.541784
 54.3341 -13.8673 -18.8644 1.08224 0.264772
 90.1393 0.960947 -21.2243 -0.59585 0.592398
 53.0357 -5.57346 -13.4325 -1.1572 0.607572
 81.3819  1.08884 -2.89367 0.850465 0.719909
 97.7347  3.49827 -15.0889 -1.68299 0.385684
 67.3957 -13.9094 -4.13917 0.0526814 0.98715
  53.8748   4.20951 -0.451595 0.0187237 1.27085
  90.338 -8.15621 -30.4676 0.216887 0.416242
 93.8793 -6.20895 -2.90307 1.83172 0.492971
 64.8903 -14.8447 -7.28815 2.32922 0.657665
 100.407   -4.112 -7.16711 2.30898 1.20545
  75.8258  -6.47444 -0.501078 -1.62995 0.143491
 49.9171 -4.82931 -13.4278 -0.387655 1.28496
 44.5803 -0.14369  1.78488 -0.235806 0.152841
 96.9469 -3.13006 -12.0755 -0.522356 1.05751
52.5169 2.19605 -5.8352 -3.09878 1.2682
 103.282 -2.28194 -15.2376 0.230871 1.05293
 47.5609 -3.64837  1.22086 1.42836 0.697924
 73.4524 -7.77514  3.14097 2.4807 1.1545
57.3651 4.18033 2.52462 -1.21279 1.27804
 89.7977 -14.9237 -5.58635 1.60616 0.896085
 47.2042 -13.8755 -2.06505 1.44838 1.30245
 98.5123 -9.99677 -26.9781 -0.0838182 0.481593
 89.0132 -10.1741  3.27203 -0.992436 0.769265
 54.7609 -4.52772  1.72201 -1.34676 1.12337
 82.0947 -2.37322 -5.11153 -0.051367 0.830366
 57.5166 -7.24891 -2.84649 2.82733 1.27207
 71.2983 -11.9267  4.04351 2.90688 0.870832
 68.2263 -14.8721 -10.8454 2.0848 0.532688
  51.601 -13.2585 -7.36554 2.61764 0.721791
 64.9395 0.961187   2.7513 -0.735487 0.21022
 45.9264  0.56309 -6.37146 0.776676 0.747839
 56.5292  1.77408 -19.6814 -2.76447 1.07899
 45.1692 -12.5989 -13.1401 0.517071 0.908641
 54.6922 -3.64965 -3.05017 1.30814 0.908199
 48.8278  1.41737 -11.0741 -0.975474 0.532808
88.5508 -10.772 4.26248 -1.512 0.954216
 97.9874 -2.88583 -15.2906 1.76794 0.702116
 60.5656 -11.9345 -3.47111 -0.53286 0.855269
 56.5967 -6.73176 -8.97163 0.543517 0.845177
 55.7271  2.26871 -4.72073 -0.459318 0.380901
 51.6765 -14.9368 -9.30143 0.277895 0.43642
 102.897 -2.38935 -4.21073 0.0480833 1.16117
 57.0103  -3.4042 -11.3783 2.82545 1.21907
 76.3155 -8.86829  1.45011 0.0404531 0.497843
 51.6221  2.39042 -12.8346 -0.341266 0.540188
 102.352 -5.48394 -11.9684 -2.33584 0.876201
 54.1625  5.32973 -6.78642 -2.71414 1.01263
 62.3551 -12.7967  3.63238 0.530458 0.175924
 60.1917 -14.4257 -8.06291 2.23684 0.0914721
 51.3337 -11.3045 -13.9382 1.49608 1.53285
 50.1294  -12.561 -19.7992 3.02668 1.39712
 91.4531  4.17376 -17.8693 -0.909645 0.38856
 103.188 0.277242 -11.8364 1.96435 1.54678
 70.4719   -15.31 -3.22924 0.0630491 0.249348
46.0067 -12.851 2.02227 2.14787 1.03294
 80.3197 -7.29081  2.93893 -2.88973 0.596211
  85.0548     2.923 -0.919142 -0.00905325 1.19382
 62.4952 -15.2583 -2.70346 1.89504 0.522066
  94.431 -9.54837 -8.65691 1.88148 0.271334
  65.5221   3.97798 -0.850431 -1.45732 0.134751
 46.2547 -14.7953 -27.8422 0.423468 0.453446
60.6183 -4.2926 -17.958 2.17939 0.637458
73.9199 0.94004 3.58497 0.653111 0.885536
  52.1491 -0.430326  -8.43807 -2.43008 1.50308
 60.5952 0.189419  -16.472 2.90581 0.529803
87.0499 1.67181 2.65086 -1.93246 0.947676
  52.944 -7.92795 -3.12943 -2.52431 0.57858
 88.4679 -2.65435  3.00347 -0.735448 1.05196
 54.0553 -13.5527 -6.44966 1.42844 1.32316
  99.204 -5.42812 -23.2597 -1.77702 1.26658
 61.8037 -5.40175 -5.07606 -1.29976 1.36064
 62.9032 -3.40343 -21.8592 2.98873 0.270091
 45.9736 0.753138 -25.3545 -1.59694 1.02732
 98.4384  2.88654 -28.2652 -1.85531 0.465527
 68.6364  3.70005 -4.58358 -1.29659 0.36538
 51.8038 -1.63626  3.64343 -2.07774 1.53306
  61.5181 -0.421117  -1.89037 2.34245 0.699857
 55.9226 -8.51692 -4.03621 1.3906 1.00109
 99.6991 -8.49501 0.777075 0.348497 0.754848
 82.9176 -11.3343 -5.55745 -0.57704 0.0558807
 97.3085  -14.715 -4.71253 -0.850447 1.40841
57.0609 3.82573  -6.803 -0.888739 0.672409
 100.544 -2.68039  -10.639 0.469849 0.757384
 103.534 -9.81296 -18.0358 -1.16077 1.08122
 86.0832 -1.69601 -12.8685 -0.82949 0.632004
 67.8417 -0.65352  1.84408 -1.24117 1.49409
 95.1105 -15.5118 -20.1504 1.8606 0.366359
 71.7736 0.156091 -3.33139 -1.31483 0.659392
 48.5854 -5.33105  -19.709 -0.754284 0.749027
  95.721 -12.0046 -19.6085 1.37925 0.907522
83.0333 1.48463  4.3283 -2.11397 1.2075
 77.6306 -7.17531 -0.44686 1.04107 0.318273
 96.3992 -3.18216 -12.3905 -2.31037 0.790793
 57.0832 -4.68308  -1.4321 -0.65625 1.01721
 57.632 0.47716  2.3267 -2.58859 0.921664
 99.1855 -5.05864 -7.03584 -2.6606 1.31185
 59.7299 -5.31707 -11.6138 -2.06918 1.32442
 71.2722 -1.27488 0.364109 -0.0905951 1.08294
 57.0554 -4.96996 -13.2569 2.82258 1.19178
 57.3458 -13.1086 -28.3751 2.2813 0.597504
 50.5434 -10.8724 -2.60934 0.969304 1.4491
70.9319 -2.1421 2.99135 -0.950605 1.38987
96.4551 3.75436 -10.444 -1.23629 0.306713
 46.4355 -6.29448 -14.4707 0.261608 0.145875
 96.2213 -8.52363 -21.9161 -2.31435 1.0754
 90.3333 -14.6011 -9.86862 2.39476 0.740775
 98.8654  2.60651 -6.54693 -1.63011 0.627405
