0 0 14 2662 2663 2664 2665 
1 13 14 2640 2641 2642 2643 2644 2645 2646 2647 2648 2650 2651 2652 2653 2654 2658 2691 2693 2695 2697 2699 2702 2727 2729 2731 2733 2736 2737 2740 2743 2744 2746 2748 2750 2752 2753 2754 2755 2759 2761 2763 2764 2766 2768 2770 2782 2784 2785 2786 2787 2789 2791 2793 2795 2796 2799 2800 2803 2804 2805 2806 2809 2811 2864 2886 2947 2948 
2 11 14 223 2640 2644 2646 2647 2648 2649 2650 2651 2652 2653 2654 2655 2656 2658 2729 2731 2733 2743 2744 2746 2750 2752 2753 2755 2761 2766 2768 2777 2778 2780 2782 2784 2789 2791 2793 2795 2799 2800 2811 2812 2814 2841 2843 2947 2949 3144 3148 3149 3293 3296 3297 
3 6 14 223 2777 2778 2812 2814 2841 2843 2949 2987 2988 2989 2991 2993 2996 2999 3001 3003 3006 3009 3141 3144 3145 3148 3149 3152 3155 3291 3292 3293 3295 3385 3389 
4 6 14 1945 1946 1947 1951 1975 1978 2059 2061 2062 2098 2102 2986 2987 2992 2994 
5 0 14 198 210 
6 1 14 2690 2705 2706 2743 2744 2809 
7 4 14 1778 1790 1793 1855 1907 
8 11 14 218 2644 2648 2650 2651 2652 2653 2654 2655 2656 2658 2691 2693 2695 2697 2699 2702 2721 2723 2725 2726 2727 2729 2731 2733 2736 2737 2750 2752 2753 2759 2763 2764 2768 2770 2778 2780 2782 2784 2786 2787 2789 2791 2793 2795 2811 2864 2867 2948 2949 2986 2987 2991 2993 
9 0 14 
10 16 14 
11 10 14 1978 1996 1999 2023 2059 2061 2102 2986 2988 2992 2994 3391 3396 3398 3401 3404 3405 3537 3542 3548 3681 3683 3777 3778 
12 7 14 1975 1978 1979 1996 1999 2059 2061 2102 2866 2867 2869 2986 2991 2993 3390 3391 3393 3682 3683 3684 3685 3780 
13 4 14 
14 9 14 172 1774 1851 1855 1907 1982 1984 1996 1999 2000 2003 2004 2040 2057 2059 2085 2087 2088 2090 2093 2094 2095 2098 2102 3405 3767 
15 6 14 223 2654 2656 2658 2778 2780 2812 2814 2841 2842 2843 2949 2999 3000 3001 3010 3147 3148 3149 3154 3292 3293 3296 3297 3386 
16 10 14 1975 1978 2059 2102 2869 2870 2872 2889 2890 2891 2892 2893 2894 2895 2896 2898 2908 2909 2930 2936 2938 2943 2984 2987 2991 3390 3391 3393 3394 3396 3397 3399 3400 3402 3403 3528 3529 3530 3539 3543 3544 3547 3548 3551 3682 3683 3684 3685 3774 3776 3777 3780 
17 9 14 218 2687 2690 2691 2693 2695 2697 2699 2702 2705 2706 2709 2710 2711 2713 2717 2719 2721 2723 2725 2726 2727 2729 2736 2737 2740 2743 2744 2748 2750 2754 2759 2763 2764 2770 2776 2782 2786 2787 2793 2796 2803 2804 2809 2864 2866 2867 2886 2888 2948 3538 3663 
18 0 14 
19 4 14 2000 2001 2094 2095 2869 2870 2872 2889 2890 2891 2892 2893 2894 2895 2896 2898 2908 2909 2936 2938 2943 2983 2984 3396 3397 3406 3409 3765 3772 
20 11 14 
21 2 20 2869 2870 2872 2889 2890 2891 2892 2893 2894 2895 2896 2898 2908 2909 2930 2936 2943 2984 3396 3397 
22 10 20 223 2644 2648 2650 2651 2652 2653 2654 2655 2656 2657 2658 2659 2660 2731 2733 2743 2744 2752 2753 2755 2761 2766 2768 2777 2778 2780 2789 2791 2795 2800 2806 2811 2812 2814 2841 2843 2949 2950 2999 3001 3148 3149 3292 3293 3296 3297 
23 17 20 1394 1396 1549 1551 1553 1555 1557 1561 1580 1581 1582 1583 1584 1585 1729 1731 1733 1735 1757 1758 1759 1760 1766 1767 1768 1771 1827 1870 1891 1892 1894 3026 3034 3035 3037 3038 3041 3043 3044 3048 3142 3354 3361 3366 
24 0 20 2809 
25 0 20 3160 
26 10 20 
27 9 20 1916 1917 1918 1919 1920 1921 1922 1923 1924 1926 1927 1928 1929 1930 1931 1932 1933 1934 1948 1950 1952 1954 1956 1958 1960 1962 1964 1966 2037 2044 2054 2081 2100 2826 2827 2828 2829 2830 2831 2832 2834 2835 2850 2852 2859 2860 2863 2914 2920 2922 2980 3014 3015 3019 3020 
28 5 20 1943 2816 2817 2818 2819 2820 2821 2999 3000 3001 3003 3009 3012 3141 3145 3152 3155 3156 3291 3292 3383 3385 3387 3388 3389 
29 1 20 2873 2912 2913 2939 2967 2969 2970 2972 2976 2977 
30 4 20 2869 2870 2872 2889 2892 2894 2896 2898 2908 2909 2936 2938 2943 2983 
31 9 20 2516 2519 2585 2590 2592 2594 2595 2598 2631 3735 
32 10 20 
33 3 20 77 79 1036 1039 1041 1059 1114 1119 3603 3605 
34 11 20 
35 0 20 
36 5 20 3785 3786 
37 16 20 3066 3067 3785 3786 
38 8 20 
39 16 20 1349 1351 1353 1355 1357 1359 1380 1382 1384 1386 1387 1388 1452 1510 1516 1532 1537 1539 1541 1549 1551 1553 1555 1557 1568 1569 1571 1580 1581 1582 1583 1584 1656 1695 1701 1703 1721 3034 3035 3037 3038 3040 3041 3043 3048 3051 3052 3142 3174 3177 3180 3181 3183 3188 3284 3354 3358 3360 3361 3364 3366 3367 3371 
40 2 20 879 3614 3616 
41 1 20 21 38 475 552 3637 3644 3703 
42 6 20 2088 2096 2097 2817 2818 2933 2934 2944 2975 2986 2987 2989 2993 2996 
43 7 20 1982 1984 2000 2001 2003 2004 2014 2017 2020 2040 2041 2045 2049 2057 2085 2093 2095 2870 2872 2890 2891 2892 2893 2894 2895 2896 2898 2908 2909 2930 2936 2938 2943 2983 2984 3396 3397 3403 3406 3409 3410 3413 3765 3772 
44 9 20 
45 0 20 3 370 371 
46 3 20 83 101 799 835 837 930 987 1018 1117 3219 3221 3222 3225 3228 3279 3333 
47 2 16 3 13 20 286 288 334 369 370 371 3657 3693 
48 0 16 3267 
49 0 16 2455 
50 7 16 2103 2107 2108 2109 2110 2111 2112 2113 2114 2115 2116 2117 2119 2120 2122 2123 2124 2206 2215 2222 2224 2236 2243 2244 2248 2253 2254 2261 2280 3271 3272 
51 6 16 218 1975 1978 1996 1999 2023 2888 2992 2994 3390 3393 3394 3399 3400 3402 3528 3529 3530 3538 3539 3543 3548 3680 3682 3684 3685 3774 3776 3777 3778 3780 
52 1 16 2103 2104 2105 2106 2107 2110 2112 2140 2215 
53 1 16 2873 2876 2882 2883 2912 2924 
54 2 16 
55 6 16 1941 1943 1944 1945 1946 1947 1951 3004 3005 3012 3013 3016 3020 3155 3156 3157 3158 3159 3160 3162 3165 3166 3283 3376 3377 3381 3383 3387 3388 
56 5 16 3066 3067 3785 3786 
57 3 16 2103 2105 2106 2107 2108 2110 2112 2158 2215 2221 2224 2259 2269 2270 2272 2278 2280 
58 2 16 101 3216 3217 3221 3222 3227 3228 3279 3333 
59 8 16 3797 3798 
60 1 16 2453 2456 2460 2463 
61 0 16 3793 3794 
62 1 16 
63 4 16 2688 2689 2692 2704 2707 2708 2710 2712 2741 2742 2745 2749 2756 2790 2792 2797 2798 2801 2807 2808 
64 6 16 
65 4 16 2687 2688 2689 2691 2692 2694 2696 2698 2700 2704 2707 2708 2710 2712 2714 2715 2716 2718 2720 2722 2728 2741 2747 2756 2767 3541 
66 3 16 
67 0 16 2095 3406 3410 3772 
68 7 16 2873 2876 2878 2879 2880 2881 2882 2883 2884 2899 2900 2901 2902 2904 2905 2906 2907 2910 2912 2919 2924 2953 2954 2972 3794 3805 
69 11 16 230 232 234 236 266 268 424 425 426 428 429 449 553 555 559 2285 2287 2288 2289 2290 2291 2292 2293 2312 2315 2416 2417 2446 2464 3115 3116 3119 3120 3249 3252 3254 3256 3257 3258 3259 3262 3289 3298 3303 3306 3308 3310 3313 
70 3 16 2873 2876 2882 2883 2884 2899 2900 2901 2902 2904 2910 2912 2919 2924 2967 2972 
71 5 16 2817 2818 2820 2822 2824 2975 2997 3005 
72 7 16 1959 2826 2828 2830 2832 2834 2849 2853 2858 2873 2876 2884 2899 2900 2910 2912 2915 2916 2919 2921 2924 2925 2926 2927 2956 2959 2967 2968 2970 2972 2976 2977 2981 
73 3 16 2694 2696 2698 2700 2716 2718 2720 2722 2728 2735 2747 2767 2772 3540 3541 3687 
74 0 16 2817 2818 2820 2822 2996 
75 6 16 
76 4 16 2167 2169 2192 2194 2196 2197 2213 2228 2231 2234 2238 2251 2422 3661 3662 
77 5 15 2343 2345 2347 2349 2371 2373 2375 2377 2380 2385 2388 2389 2399 2411 2413 2443 2444 2445 2447 2448 2450 
78 2 15 2178 2180 2182 2184 2186 2202 2212 2213 2219 2263 
79 10 15 218 2691 2693 2695 2697 2699 2702 2721 2723 2725 2726 2727 2729 2731 2736 2737 2740 2743 2744 2748 2750 2754 2759 2761 2763 2764 2766 2770 2782 2786 2787 2789 2793 2795 2796 2803 2804 2806 2809 2843 2864 2866 2886 2947 2948 2949 3391 3683 3684 3780 
80 27 15 3066 3067 3785 3786 3787 
81 0 15 2880 2905 2906 2907 3793 3805 
82 1 15 733 3631 3632 3633 3709 
83 5 15 1943 1944 2816 2817 2818 2819 2821 2845 3005 3013 3016 3020 3157 3158 3159 3160 3162 3165 3166 3283 3376 3381 3387 3388 
84 2 15 3126 3127 3128 3129 3135 3266 3267 3268 3300 3305 
85 12 15 
86 0 15 2688 2692 2808 2809 
87 4 15 2818 2819 2820 2821 2822 2823 2824 2844 2847 2933 2934 2939 2941 2944 2975 2996 2997 3004 3005 3376 
88 0 15 
89 2 15 2356 2358 3523 3524 3526 3527 3659 3691 3694 
90 7 15 218 3390 3393 3394 3399 3400 3402 3528 3529 3530 3539 3541 3542 3544 3663 3680 3682 3685 3686 3774 3776 
91 0 15 3124 3306 3310 
92 5 15 
93 1 15 2175 2178 2180 2182 2184 2186 2223 
94 0 15 2977 2983 
95 3 15 
96 3 15 3792 
97 2 15 444 447 448 551 557 559 3241 3247 3253 3319 
98 7 15 
99 10 15 223 2640 2641 2642 2643 2644 2645 2646 2647 2648 2649 2650 2651 2652 2653 2655 2656 2657 2658 2659 2660 2662 2663 2664 2665 2666 2667 2668 2669 2670 2671 2731 2733 2734 2746 2752 2753 2755 2757 2761 2766 2768 2777 2778 2780 2784 2785 2789 2791 2795 2799 2800 2811 2812 2814 2841 2949 3144 3148 3149 3150 3282 3295 3296 3297 
100 24 15 3066 3067 3785 3786 
101 1 15 198 201 3153 3161 3383 
102 0 15 3527 3657 
103 6 15 1915 1941 1943 1944 1945 1946 1947 2062 2088 3011 3153 3156 3158 3162 3163 3164 3167 3274 3387 3388 
104 3 15 688 689 3619 3622 3623 3625 3628 3629 3631 3635 3670 3706 3708 3713 3718 
105 8 15 285 287 291 302 307 311 335 370 2335 2338 2339 2341 2360 2361 2363 2383 2384 2404 2413 2418 3510 3523 3524 3525 3527 3647 3648 3650 3651 3652 3654 3655 3658 3688 3689 3691 3692 3694 
106 0 15 3199 3205 
107 4 15 1773 1780 1801 1802 1835 1849 1850 1895 1896 2003 2004 2005 2017 2018 2019 2020 2087 3414 3415 3418 3419 3421 3422 3425 3760 
108 2 15 2103 2104 2105 2106 2107 2108 2109 2110 2141 2215 2221 2222 2224 2259 2269 2272 2280 
109 9 15 290 300 317 322 323 325 326 341 389 394 395 503 505 506 508 509 512 516 517 518 519 520 521 582 694 
110 9 15 1535 1537 1538 1568 1667 1669 1714 1727 1745 1748 1753 1755 1843 1847 3023 3024 3028 3030 3031 3168 3171 3173 3177 3179 3180 3284 3371 3373 3374 3377 3380 
111 6 15 292 293 313 318 348 349 351 355 356 361 363 413 416 418 421 2337 2340 2360 2362 2364 2366 2368 2403 2405 2410 2412 2420 2439 2440 2441 2442 2443 2449 2452 
112 9 15 
113 8 15 1945 1946 1947 2062 3156 3158 3384 3387 3388 
114 4 21 2879 2880 2881 2883 2905 2906 2907 2919 2951 2952 2953 2954 2956 2959 3793 3794 3805 
115 2 21 226 227 228 373 3133 3261 3262 3265 3298 3299 
116 5 21 2000 2001 2003 2014 2040 2041 2094 2095 2868 2889 2890 2891 2892 2893 2894 2895 2896 2898 2929 2931 2935 2937 2945 2979 2982 2984 2985 3396 3397 3403 3406 3409 3410 3413 3765 3772 
117 0 21 2334 2358 
118 6 21 2873 2876 2877 2879 2880 2881 2883 2899 2900 2901 2904 2905 2906 2907 2910 2912 2919 2924 2954 2972 3793 3794 3805 
119 36 21 
120 10 21 1597 1626 1627 1628 1629 1630 1631 1779 1786 1803 1804 1805 1807 1808 1809 1813 1814 1830 1884 1885 1987 2005 2006 2007 2008 2009 2015 2016 2018 2019 2021 2022 2027 2029 3418 3419 3426 3427 3428 3431 3434 3531 3750 3755 3795 3807 
121 12 21 234 236 238 266 268 270 272 274 353 354 358 360 364 366 423 424 428 448 449 456 545 577 610 612 613 643 742 744 786 787 3103 3107 3108 3111 3112 3115 3116 3120 3121 3236 3237 3240 3242 3243 3244 3246 3248 3249 3252 3254 3256 3288 3289 3308 3313 3314 3315 3317 3319 3321 
122 3 21 2826 2827 2828 2829 2830 2831 2832 2833 2834 2835 2849 2851 2915 2916 2921 2926 2927 2961 2981 
123 2 21 2103 2106 2107 2109 2215 2222 2224 2236 
124 3 21 3789 3790 
125 11 21 
126 3 21 
127 9 21 
128 16 21 3194 3197 3200 3203 3356 3785 3786 3810 
129 1 21 1660 3171 3172 3178 3179 
130 4 21 2816 2817 2818 2819 2820 2821 2822 2823 2824 2825 2846 2848 2861 2862 2932 2940 2942 2969 2970 2971 2974 3004 3005 
131 13 21 3797 3798 
132 4 21 2000 2001 2003 2004 2014 2017 2041 2095 2870 2872 2889 2890 2891 2892 2893 2894 2895 2896 2898 2908 2909 2930 2936 2943 2983 2984 3406 
133 4 21 2698 2700 2701 2703 2716 2718 2720 2721 2722 2728 2735 2767 3538 3663 3686 
134 7 21 1943 1944 2816 2817 2818 2819 2820 2821 2822 2823 2824 2825 2844 2933 2934 2939 2941 2944 2975 2996 2997 2999 3000 3001 3003 3004 3005 3006 3009 3012 3141 3145 3155 3156 3292 3293 3385 3388 3389 
135 9 21 2015 
136 12 21 1996 1999 2040 2045 2061 2094 2869 2870 2872 2889 2890 2891 2892 2893 2894 2895 2896 2898 2908 2909 2930 2936 2938 2943 2970 2976 2977 2983 2984 3396 3397 3402 3403 3539 3544 3547 3548 3551 3557 3765 3772 3774 3777 
137 5 21 3790 
138 2 21 285 287 307 335 3653 3656 3693 
139 4 21 1349 1380 1537 1568 3174 3177 3179 3180 3181 3183 3185 3188 3191 3193 3284 3360 3364 3371 
140 4 21 1774 1790 1793 1851 1855 1904 1907 3552 3555 3556 3559 3561 3673 
141 21 21 1597 1604 1605 1606 1607 1608 1614 1615 1616 1617 1618 1619 1620 1626 1627 1628 1629 1630 1631 1632 1633 1634 1635 1648 1679 1684 1689 1705 1709 1774 1779 1780 1790 1792 1793 1801 1802 1803 1804 1807 1809 1835 1836 1842 1849 1850 1857 1884 1885 1886 1887 1888 1895 1896 1897 1898 1904 1905 3414 3415 3417 3418 3419 3421 3422 3425 3426 3427 3431 3432 3433 3434 3437 3531 3559 3560 3561 3562 3565 3566 3568 3571 3572 3573 3665 3750 3755 3758 3760 3762 3763 3769 
142 9 21 1727 1743 1745 1747 1748 1763 1838 1882 1916 1918 1920 1943 1944 3014 3015 3016 3019 3020 3022 3023 3024 3028 3032 3157 3159 3160 3162 3165 3166 3168 3169 3171 3283 3369 3374 3376 3377 3380 3381 
143 0 21 2340 2450 
144 3 21 
145 16 21 3787 3788 
146 9 21 1792 1793 1855 1907 1978 1996 1999 2023 2059 3403 3409 3410 3543 3546 3547 3548 3551 3553 3554 3557 3559 3560 3561 3562 3664 3765 3768 3769 3774 3777 3778 
147 6 14 233 2285 2288 2290 2292 2313 2314 2316 2331 2406 2408 2415 2417 2453 2454 2455 2461 2462 3118 3119 3125 3130 3132 
148 1 14 2095 2895 2896 2898 2982 2984 3396 3409 3410 3765 3772 
149 7 14 1355 1357 1359 1388 1510 3785 3786 3810 
150 16 14 1725 1727 1728 1745 1748 1753 1755 1828 1833 1859 1890 1897 1900 1916 1918 1920 1921 1922 1923 1924 1926 1927 1928 1929 1930 1931 1932 1933 1934 1935 1937 1948 1950 1952 1954 1956 1960 1962 1964 1966 2030 2036 2037 2081 2100 3015 3016 3019 3020 3021 3023 3024 3025 3027 3028 3032 3162 3165 3166 3168 3169 3171 3283 3369 3374 3376 3377 3380 3381 
151 5 14 1943 1944 2845 2988 2994 2999 3000 3003 3006 3009 3012 3141 3145 3152 3156 3158 3291 3292 3383 3385 3387 3388 3389 
152 8 14 223 2642 2647 2649 2651 2653 2655 2663 2664 2665 2666 2667 2668 2669 2670 2671 2785 2799 2812 2814 3144 3148 3149 3150 3282 3295 3296 
153 5 14 3 286 2361 3515 3517 3519 3523 3525 3526 3527 3649 3650 3651 3654 3655 3657 3658 3689 3691 3692 
154 2 14 2360 2362 2403 2453 2454 2457 2459 3522 3523 3524 3525 3526 3527 3654 3655 3691 3694 
155 4 14 1026 1111 2471 2473 2637 3072 3073 3209 3211 3213 3215 3217 3286 3337 3341 
156 2 14 2826 2828 2829 2830 2831 2832 2834 2835 2851 2853 2921 2926 2927 2961 2981 
157 20 14 3066 3067 
158 11 14 499 502 595 596 661 665 688 689 690 691 692 693 694 739 854 880 3486 3488 3491 3492 3493 3494 3497 3532 3619 3622 3623 3625 3628 3629 3631 3635 3670 3705 3706 3707 3708 3713 3715 3716 3718 
159 19 14 1375 1379 1469 1491 1523 1537 1539 1541 1543 1549 1551 1553 1555 1568 1570 1572 1574 1581 1582 1583 1584 1729 1731 1733 1735 1736 1738 1740 1753 1755 1757 1758 1759 1760 1828 1829 1833 1843 1846 1860 1861 1871 1882 1883 1890 1891 1892 1893 1928 1930 1932 1934 3022 3023 3024 3026 3031 3032 3034 3035 3037 3038 3044 3142 3171 3174 3177 3180 3181 3183 3185 3187 3284 3360 3361 3366 3367 3371 3374 
160 7 14 300 303 304 306 312 314 316 319 347 356 357 365 367 404 405 407 414 415 417 419 420 476 477 479 482 514 515 522 523 535 544 554 556 559 584 585 586 597 598 601 3498 3499 3503 3507 
161 24 14 1241 1243 1245 1247 1249 1251 1263 1274 1282 1289 1295 1321 1326 1332 1338 1398 1401 1402 1404 1417 1419 1424 1425 1426 1427 1428 1429 1433 1435 1437 1438 1439 1440 1448 1450 1454 1456 1472 1478 1480 1485 1499 1503 1507 1511 1521 1526 1528 1529 1596 1598 1600 1626 1627 1628 1629 1630 1631 1632 1633 1634 1635 1641 1646 1678 1680 1685 1688 1690 1691 1698 3432 3434 3437 3438 3439 3441 3442 3445 3448 3581 3747 3755 
162 5 14 2640 2641 2642 2643 2644 2645 2646 2647 2649 2651 2653 2662 2664 2665 2666 2667 2669 2670 2671 2746 2753 2755 2768 2785 2791 2798 2799 2800 2805 2811 
163 1 14 191 2024 3537 3542 3543 3773 
164 14 14 3458 3459 3799 3800 
165 7 14 2040 2045 2061 2088 2090 2094 2097 2098 
166 3 14 191 1976 1977 2024 3542 3550 
167 21 14 3497 3713 
168 2 14 
169 15 14 3789 
170 9 14 1743 1745 1746 1747 1748 1854 1916 1918 1920 1922 1924 1948 1950 1952 1954 1956 2819 2820 2821 2822 2823 2824 2825 2848 2861 2862 2940 2942 2971 3004 3013 3014 3015 3019 3020 3162 3165 3166 3168 3283 3376 3377 3380 3381 
171 8 14 2103 2104 2106 2113 2204 2215 2219 2221 2248 2263 2265 2269 2272 2275 2278 2280 
172 5 14 
173 0 14 191 210 1976 1977 2024 3773 
174 2 14 2690 2705 2706 2743 2744 2789 2793 2796 2800 2803 2804 2806 2809 2811 
175 4 14 2155 2158 2173 2174 2175 2176 2178 2180 2204 2209 2212 2213 2219 2221 2223 2259 2263 2265 2266 2270 2275 2276 2278 
176 19 14 144 159 1232 1238 1239 1240 1241 1242 1243 1244 1245 1246 1247 1248 1264 1266 1274 1282 1284 1289 1312 1315 1321 1322 1326 1328 1332 1338 1400 1403 1405 1407 1409 1424 1425 1426 1428 1468 1474 1475 1484 1488 1513 1514 1518 1525 1527 1530 2592 2594 2622 2626 2634 3579 3580 3581 3582 3585 3586 3588 3591 3592 3593 3594 3598 3600 3666 3667 3736 3742 3745 3753 
177 10 24 3793 3794 
178 4 24 
179 15 24 1773 1780 1801 1835 1836 1849 1850 1886 1888 1895 1896 1905 2046 2047 2048 2052 2053 2058 2077 2079 2080 2086 2092 3414 3415 3416 
180 2 24 2323 
181 3 24 432 434 436 458 459 460 461 591 592 3101 3103 3105 3108 3109 3112 3315 3317 3321 
182 0 24 3115 3116 3120 3124 3306 3310 
183 14 24 1587 1591 1593 1595 1614 1615 1664 1666 1773 1774 1780 1790 1792 1793 1801 1802 1836 1849 1850 1851 1855 1857 1895 1907 3413 3414 3415 3417 3421 3422 3553 3554 3557 3559 3560 3561 3562 3565 3566 3568 3571 3572 3573 3574 3576 3577 3664 3665 3752 3758 3760 3762 3763 3764 3768 3769 
184 2 24 2337 2360 2362 2364 2366 2368 2403 2405 2410 2412 2420 2449 2452 2457 3522 
185 3 24 2131 2132 2133 2134 2135 2136 2137 2138 2146 2147 2148 2149 2150 2151 2152 2153 2154 2237 2249 2252 2282 2284 3269 3270 
186 1 24 21 30 425 447 448 551 553 557 3312 
187 26 24 
188 0 24 13 3267 3268 
189 11 24 1167 1168 1171 1173 1175 1177 1179 1214 1217 1218 1223 1276 1278 1285 1293 1294 1295 1297 1299 1301 1317 1325 1327 1333 1335 1336 1340 1343 2493 2496 2497 2499 2519 2573 2575 2576 2582 2583 2585 2588 2591 2592 2594 2595 2598 2599 2613 2614 2617 2620 2629 2631 2634 2636 2639 
190 12 24 223 2642 2644 2646 2647 2648 2649 2651 2652 2653 2654 2655 2656 2657 2658 2659 2660 2731 2733 2743 2744 2746 2752 2753 2755 2761 2766 2768 2777 2778 2780 2784 2785 2789 2791 2795 2800 2806 2811 2812 2814 2841 2843 2949 2989 2993 3147 3148 3149 3153 3154 3292 3293 3296 3297 3386 
191 7 24 2108 2109 2110 2111 2112 2113 2114 2115 2116 2117 2118 2119 2120 2121 2130 2131 2132 2133 2134 2204 2206 2222 2224 2226 2236 2253 2254 2261 2265 3267 3268 3270 3271 3272 
192 22 24 3799 3800 3811 
193 16 24 
194 2 24 226 227 228 229 230 232 233 418 421 3261 3262 3298 3299 
195 12 24 
196 12 24 3793 3794 
197 8 24 
198 0 24 
199 23 24 
200 3 24 
201 4 24 2641 2642 2647 2662 2663 2664 2665 2666 2674 2675 2676 2677 2678 2679 2680 2682 2732 2751 2783 2790 2794 2798 2799 2800 2810 
202 7 24 1916 1918 1920 1922 1924 1948 1949 1950 1952 1953 1954 1955 1956 1957 1961 1963 2043 2050 2055 2082 2101 2826 2827 2828 2829 2830 2831 2832 2833 2834 2835 2850 2852 2858 2859 2860 2863 2914 2920 2922 2968 2969 2980 3015 3022 3023 3024 
203 29 24 
204 10 24 285 287 292 293 302 307 311 312 313 314 315 316 318 319 320 335 348 349 351 355 356 361 362 363 402 406 410 413 415 417 421 2338 2339 2341 2360 2361 2362 2363 2364 2365 2366 2367 2368 2369 2383 2384 2404 2411 2413 2418 2443 2447 2450 3506 3507 3509 3510 3511 3513 3514 3517 3652 3688 3697 3701 
205 10 24 1941 1944 1945 1946 1947 1951 1975 1978 2023 2045 2056 2059 2062 2094 2102 2869 2870 2872 2908 2909 2930 2936 2938 2943 2986 2987 3011 3404 3546 3777 3778 
206 0 24 
207 0 24 3242 3248 
208 10 24 292 293 312 313 314 315 316 318 319 320 348 349 355 356 361 362 363 399 402 406 410 413 417 2339 2341 2343 2345 2360 2361 2362 2363 2364 2365 2366 2367 2368 2369 2370 2371 2373 2383 2384 2387 2389 2399 2400 2404 2411 2413 2418 2443 2444 2445 2448 2450 3506 3509 3510 3511 3514 3517 3697 3701 
