1: 0 
2: 0 1 
3: 0 1 2 
5: 0 1 2 0 4 
7: 0 1 3 2 
9: 0 1 3 8 4 
12: 0 1 3 8 4 11 4 5 7 
15: 0 1 3 8 11 4 14 8 12 
17: 0 1 3 8 11 4 14 8 15 16 
24: 0 1 3 22 17 12 14 5 1 15 16 13 23 
28: 0 1 3 17 15 11 8 16 3 23 27 4 14 25 1 22 
34: 0 1 3 22 11 15 12 14 28 4 27 23 3 16 13 7 9 18 26 31 33 
40: 0 1 3 17 11 15 29 30 28 4 27 23 27 4 14 20 23 39 36 31 33 
42: 0 1 3 17 11 15 29 30 28 4 27 23 5 14 38 32 9 39 36 31 33 
43: 0 1 3 17 11 15 29 12 16 12 14 4 27 23 39 9 7 19 42 12 29 28 
47: 0 1 3 17 11 15 29 30 28 4 27 23 3 16 43 7 27 39 36 31 26 41 46 
51: 0 1 3 17 11 15 29 30 42 12 43 16 43 20 23 27 39 9 18 26 31 33 46 47 50 49 
54: 0 1 3 17 11 15 29 12 16 12 28 14 4 27 23 27 39 9 18 26 31 33 46 47 50 52 
56: 0 1 3 17 11 15 29 55 53 28 7 27 23 39 5 7 43 20 31 33 46 35 41 47 50 52 
58: 0 1 3 17 11 15 29 55 53 28 14 11 16 3 23 27 39 9 18 41 35 33 46 50 57 31 36 
61: 0 1 3 17 11 15 29 55 53 28 29 27 23 39 5 14 13 43 20 31 58 46 33 31 26 41 46 47 50 57 60 
64: 0 1 63 22 11 17 15 12 3 55 14 28 29 27 23 7 19 53 23 39 9 18 58 46 33 35 40 41 47 50 57 60 
66: 0 1 63 22 11 17 15 12 42 14 5 55 28 53 30 16 43 7 23 27 39 64 34 26 31 33 35 46 50 45 57 52 47 
69: 0 1 3 17 12 11 42 17 63 25 29 15 3 4 14 55 27 23 3 16 68 19 12 25 5 39 36 31 58 46 41 47 50 57 33 
70: 0 1 3 17 12 11 42 17 63 25 29 15 3 4 14 55 27 23 3 16 68 61 7 23 39 36 31 58 33 46 41 46 50 57 52 47 48 69 45 54 60 
73: 0 1 3 17 15 12 71 4 11 17 63 25 14 42 4 55 5 8 16 30 72 53 27 23 7 19 68 30 29 23 39 59 34 26 31 58 46 41 69 45 47 50 57 
77: 0 1 63 22 65 17 22 11 14 25 3 55 4 42 74 29 70 28 3 16 30 72 53 27 23 39 36 31 58 33 46 41 47 50 57 41 69 48 76 
78: 0 1 3 17 15 12 71 4 11 17 63 25 14 55 70 42 16 30 29 27 23 7 19 68 72 70 71 4 5 39 64 37 58 33 46 41 47 50 57 76 41 69 48 66 77 
79: 0 1 3 17 15 12 71 4 11 17 63 25 14 55 70 42 16 30 29 27 23 7 19 68 72 53 10 9 39 36 31 58 33 46 41 69 45 78 57 50 76 52 77 
83: 0 1 79 6 63 22 65 73 15 11 12 42 14 55 28 70 3 30 72 53 23 27 39 5 11 16 67 20 31 58 33 46 41 45 82 47 48 50 78 57 48 69 48 76 52 77 
85: 0 1 79 3 17 12 71 4 63 11 14 55 5 73 15 16 43 68 72 30 8 4 27 23 39 36 31 58 46 33 46 47 50 78 84 69 82 41 57 54 49 62 76 
88: 0 1 79 3 17 12 71 4 63 11 42 14 12 30 87 70 83 27 23 38 72 68 16 43 42 15 29 27 39 23 7 18 26 31 33 46 47 50 57 84 78 76 41 69 41 57 54 66 77 
90: 0 1 79 3 17 15 12 71 4 63 11 28 14 73 8 16 43 7 55 23 29 27 39 9 18 26 31 58 33 46 41 82 48 47 84 50 45 69 78 57 60 54 76 52 77 66 48 18 12 19 72 
94: 0 1 79 3 17 12 71 4 63 22 11 14 73 90 43 7 55 23 39 27 29 70 72 61 64 59 36 37 58 82 46 47 41 58 33 31 57 50 78 76 52 77 91 69 84 
96: 0 1 79 3 17 12 71 4 63 11 28 14 5 73 15 16 43 30 72 53 87 55 27 39 23 32 36 31 33 35 40 46 41 45 57 33 82 78 50 76 84 47 45 69 78 54 89 77 
98: 0 1 79 6 63 22 65 17 15 11 12 14 55 4 71 28 87 29 72 70 42 16 11 5 39 23 27 7 32 36 37 58 82 46 41 58 33 31 58 97 45 57 41 69 78 76 50 47 49 77 89 54 52 60 
99: 0 1 79 2 3 17 12 71 4 63 22 42 15 11 16 43 94 72 70 14 28 55 29 23 27 39 27 29 87 70 20 31 33 46 58 41 40 46 82 97 45 48 69 84 47 57 50 78 76 52 77 89 
100: 0 1 79 99 6 63 1 3 4 87 28 11 14 55 70 29 27 23 55 4 42 17 15 73 12 16 19 72 38 32 23 39 59 37 58 82 46 97 41 47 50 78 57 33 82 69 84 76 52 77 89 
102: 0 1 79 99 6 63 1 3 17 2 15 71 87 29 12 16 19 72 38 14 11 55 27 23 39 27 29 72 68 43 20 4 5 9 18 47 50 57 84 41 46 82 33 31 58 97 45 76 93 78 69 92 77 89 
104: 0 1 79 99 6 63 1 3 17 2 71 12 42 16 11 14 103 42 43 94 72 53 28 87 83 27 23 39 27 29 30 68 61 64 80 37 26 31 33 46 41 97 45 69 48 58 48 84 47 50 78 57 76 52 60 89 77 
105: 0 1 79 99 6 63 1 3 17 22 11 14 103 28 83 87 71 42 16 43 68 72 38 23 27 5 39 100 37 58 46 82 33 35 40 41 97 45 78 50 47 76 57 84 69 48 40 104 46 33 31 57 102 89 77 
106: 0 1 79 99 6 63 1 3 17 22 11 14 103 28 83 87 29 70 42 16 43 68 72 53 27 23 39 100 59 36 31 33 46 82 41 97 45 48 47 50 78 57 84 69 41 76 102 105 77 49 41 35 104 35 58 
108: 0 1 79 99 6 63 1 3 17 22 11 14 103 28 83 87 29 70 83 27 23 39 27 7 103 16 43 67 38 72 68 107 61 64 37 26 31 58 33 46 82 35 104 35 41 47 97 45 69 84 50 76 52 78 57 78 105 89 77 
110: 0 1 79 99 6 63 1 3 17 2 87 28 29 70 83 14 11 4 103 15 16 43 68 72 68 107 10 23 27 39 100 36 31 58 33 82 46 104 40 41 69 48 47 97 47 76 57 78 50 84 47 109 92 77 105 
111: 0 1 79 99 6 63 1 3 17 22 15 11 14 103 16 42 19 72 29 87 55 23 27 39 110 31 58 33 82 46 41 58 37 64 61 68 107 7 18 47 97 46 104 40 41 78 57 50 76 84 69 92 109 91 77 105 
112: 0 1 79 99 6 63 1 3 17 22 15 11 14 103 16 42 19 72 70 55 23 27 83 14 73 5 23 39 110 7 107 68 53 71 12 18 58 46 45 41 69 45 97 82 33 31 26 47 76 57 50 78 47 109 111 77 91 84 49 60 105 
115: 0 1 79 99 6 63 1 3 17 22 12 11 103 16 42 14 55 87 29 28 70 53 72 29 27 23 39 110 7 43 68 107 16 15 8 14 55 110 31 33 58 46 82 97 41 50 52 48 57 78 76 47 84 48 60 105 111 77 111 109 91 69 82 35 104 
117: 0 1 79 99 6 63 1 3 8 15 17 42 16 11 8 113 14 103 75 5 55 27 23 39 27 29 70 72 114 107 116 38 74 87 55 110 31 33 82 46 41 40 104 35 58 97 47 48 49 50 84 69 111 109 92 77 115 105 78 57 76 
119: 0 1 79 99 6 63 17 65 22 12 42 103 30 12 14 11 28 87 55 70 72 19 116 16 107 68 81 53 27 23 39 110 106 31 58 33 46 82 97 41 78 57 50 47 109 92 69 111 77 115 89 60 105 54 76 62 49 40 104 
121: 0 1 79 99 6 63 17 65 22 12 42 113 16 103 14 4 11 101 3 87 70 55 27 23 38 116 120 107 68 72 38 23 39 110 31 33 46 82 41 97 48 47 78 50 84 69 92 109 111 77 115 89 105 54 76 57 50 41 35 104 
122: 0 1 79 99 6 63 17 65 22 12 42 113 16 103 28 29 70 55 14 5 11 15 19 72 118 120 107 116 38 23 27 39 110 31 33 46 58 46 97 41 47 84 69 121 109 111 77 115 105 78 76 50 57 46 104 
123: 0 1 79 99 6 63 17 65 22 12 42 113 16 103 14 4 11 28 70 71 87 55 29 72 38 116 107 120 118 38 23 27 39 106 110 31 58 33 82 46 97 41 47 84 108 76 50 78 57 49 115 105 89 77 111 109 121 69 92 77 89 60 
