1 4 0.802 9.9 4 0 0.00104794 0 14 0 0 14 0 
2 70 0.80398 9.801 70 3 0.018339 13 28 0 0 41 1 
3 88 0.80594 9.70299 88 6 0.0230548 24 42 0 0 66 2 
5 122 0.809802 9.5099 103 20.4445 0.0269845 36 70 0 0 106 9 
7 127 0.813587 9.32065 108 11.5365 0.0282945 37 98 0 0 135 18 
9 138 0.817297 9.13517 125 17.0082 0.0327482 52 126 0 0 178 34 
12 154 0.822723 8.86385 148 26.5677 0.0387739 78 168 0 0 246 58 
15 181 0.827988 8.60058 170 26.7227 0.0445376 98 210 0 0 308 76 
17 221 0.831411 8.42943 210 31.4533 0.055017 114 238 0 0 352 93 
24 286 0.842864 7.85678 261 62.5942 0.0683783 167 354 0 2 523 170 
28 342 0.849056 7.54719 329 75.3069 0.0861933 186 434 0 6 626 216 
34 384 0.857889 7.10553 345 89.2884 0.0903851 218 554 0 11 783 295 
40 430 0.866206 6.68972 382 93.1992 0.100079 274 674 0 15 963 364 
42 440 0.868868 6.55659 384 99.8426 0.100603 277 714 0 27 1018 394 
43 446 0.870179 6.49102 403 92.2484 0.10558 283 734 0 38 1055 408 
47 473 0.875295 6.23525 431 123.909 0.112916 302 814 0 52 1168 455 
51 514 0.880209 5.98956 462 109.355 0.121037 311 878 0 70 1259 499 
54 523 0.883767 5.81166 470 109.081 0.123133 319 926 0 81 1326 544 
56 539 0.88608 5.69601 483 130.143 0.126539 327 958 0 103 1388 573 
58 546 0.888347 5.58266 492 154.199 0.128897 335 990 0 124 1449 603 
61 555 0.891663 5.41685 501 171.063 0.131255 346 1038 0 140 1524 645 
64 576 0.894881 5.25596 519 149.292 0.135971 351 1086 0 163 1600 687 
66 590 0.896973 5.15137 535 153.478 0.140162 361 1118 0 198 1677 719 
69 608 0.900033 4.99837 556 193.592 0.145664 371 1166 0 219 1756 759 
70 656 0.901032 4.94839 607 211.885 0.159025 382 1182 0 236 1800 773 
73 673 0.903972 4.80141 616 194.283 0.161383 397 1230 0 255 1882 816 
77 692 0.907756 4.61222 634 187.082 0.166099 410 1294 0 279 1983 878 
78 713 0.908678 4.5661 654 224.569 0.171339 415 1309 0 315 2039 893 
79 722 0.909591 4.52044 662 209.263 0.173435 417 1324 0 334 2075 908 
83 728 0.913154 4.34231 670 235.828 0.175531 455 1384 0 379 2218 967 
85 738 0.914882 4.2559 679 225.325 0.177888 462 1414 0 419 2295 998 
88 742 0.91741 4.1295 684 244.883 0.179198 478 1459 0 488 2425 1043 
90 751 0.919054 4.04732 694 286.565 0.181818 480 1489 0 587 2556 1073 
94 755 0.922243 3.88784 697 243.259 0.182604 493 1549 0 676 2718 1133 
96 755 0.923791 3.81047 704 255.944 0.184438 496 1579 0 767 2842 1163 
98 765 0.925307 3.73464 708 272.671 0.185486 501 1609 0 850 2960 1193 
99 765 0.926054 3.6973 711 246.263 0.186272 508 1624 0 1045 3177 1208 
100 775 0.926794 3.66032 721 255.039 0.188892 518 1639 0 1150 3307 1224 
102 778 0.92825 3.58748 727 272.988 0.190464 543 1669 0 1316 3528 1256 
104 784 0.929678 3.51609 734 251.752 0.192298 549 1699 0 1547 3795 1288 
105 798 0.930381 3.48093 748 270.539 0.195965 552 1714 0 1750 4016 1304 
106 829 0.931078 3.44612 775 247.494 0.203039 560 1729 0 1830 4119 1320 
108 851 0.932449 3.37754 800 257.229 0.209589 564 1759 0 2062 4385 1352 
110 877 0.933793 3.31033 823 249.236 0.215614 575 1789 0 2436 4800 1384 
111 901 0.934455 3.27723 848 282.715 0.222164 584 1804 0 3336 5724 1400 
112 933 0.935111 3.24445 877 307.332 0.229762 590 1819 0 4228 6637 1416 
115 936 0.937038 3.14809 886 299.822 0.232119 611 1870 0 4998 7479 1464 
117 953 0.938291 3.08544 896 266.347 0.234739 618 1912 0 6864 9394 1496 
119 955 0.939519 3.02404 902 269.066 0.236311 624 1954 0 7894 10472 1528 
121 996 0.940723 2.96387 941 256.52 0.246529 670 1996 0 8664 11330 1560 
122 1037 0.941316 2.93423 978 247.606 0.256222 682 2017 0 10368 13067 1576 
123 1040 0.941902 2.90488 980 271.44 0.256746 685 2038 0 11438 14161 1592 
