0 1 1 1 0 0 3 
1 2 1 1 0 0 3 
2 0 0 1 0 0 5.04813 
2 3 1 1 0 0 3 
3 1 0 1 0 0 5.53652 
3 0 0 1 0 0 7.29792 
3 4 1 1 0 0 3 
4 2 0 0 0 0 4.74437 
4 1 0 0 0 0 7.58133 
4 0 0 1 0 0 9.39637 
4 5 1 1 0 0 3 
5 3 0 0 0 0 5.97966 
5 2 0 0 0 0 7.03499 
5 1 0 1 0 0 9.92455 
5 0 0 0 0 0 11.568 
1 6 1 1 0 0 3 
6 0 0 1 0 0 4.06673 
6 2 0 1 0 0 5.15425 
6 3 0 1 0 0 7.85135 
6 4 0 0 0 0 9.33581 
6 5 0 0 0 0 11.1123 
5 7 1 1 0 0 3 
7 4 0 0 0 0 5.59831 
7 3 0 0 0 0 8.49458 
7 2 0 0 0 0 9.68338 
7 1 0 1 0 0 12.56 
7 6 0 0 0 0 13.6816 
7 0 0 0 0 0 14.393 
2 8 1 1 0 0 3 
8 3 0 1 0 0 4.05112 
8 4 0 1 0 0 4.42055 
8 1 0 1 0 0 4.99244 
8 5 0 1 0 0 6.06133 
8 6 0 1 0 0 6.19108 
8 0 0 1 0 0 7.68406 
8 7 0 1 0 0 8.15527 
7 9 1 1 0 0 3 
9 5 0 1 0 0 4.93384 
9 4 0 0 0 0 7.86994 
9 8 0 0 0 0 10.5511 
9 3 0 0 0 0 10.8682 
9 2 0 0 0 0 11.8929 
9 1 0 0 0 0 14.6904 
9 6 0 0 0 0 15.4938 
7 10 1 1 0 0 3 
10 9 0 1 0 0 4.21305 
10 5 0 1 0 0 5.3593 
10 4 0 0 0 0 7.25039 
10 3 0 0 0 0 9.91437 
10 8 0 1 0 0 10.2725 
10 2 0 0 0 0 11.7231 
10 1 0 0 0 0 14.6202 
4 11 1 1 0 0 1.77978 
11 3 0 0 0 0 2.99045 
11 8 0 1 0 0 3.14479 
11 2 0 1 0 0 3.84464 
11 5 0 1 0 0 3.90681 
11 7 0 0 0 0 6.53071 
11 1 0 1 0 0 6.56631 
11 6 0 0 0 0 8.02365 
11 0 0 0 0 0 8.48654 
8 12 1 1 0 0 3 
12 11 0 1 0 0 4.30774 
12 4 0 0 0 0 4.85446 
12 3 0 1 0 0 5.09887 
12 2 0 1 0 0 5.10529 
12 5 0 0 0 0 5.97691 
12 7 0 0 0 0 7.20126 
12 1 0 1 0 0 7.29029 
12 6 0 1 0 0 8.81086 
7 13 1 1 0 0 3 
13 9 0 0 0 0 4.67892 
13 5 0 1 0 0 4.74465 
13 10 0 1 0 0 5.16922 
13 4 0 1 0 0 6.8409 
13 11 0 1 0 0 6.88625 
13 12 0 0 0 0 6.89518 
13 8 0 0 0 0 7.85893 
13 3 0 0 0 0 9.34884 
4 14 1 1 0 0 1.79136 
14 11 0 1 0 0 2.31838 
14 5 0 1 0 0 3.06898 
14 12 0 1 0 0 3.91613 
14 3 0 0 0 0 4.01579 
14 8 0 1 0 0 4.41918 
14 7 0 0 0 0 4.98574 
14 2 0 0 0 0 5.51032 
14 13 0 1 0 0 5.93601 
8 15 1 1 0 0 2.05878 
15 12 0 1 0 0 2.74131 
15 2 0 1 0 0 3.30536 
15 11 0 1 0 0 3.65693 
15 3 0 1 0 0 3.90286 
15 14 0 0 0 0 4.3831 
15 4 0 0 0 0 4.70058 
15 1 0 1 0 0 5.5465 
15 5 0 0 0 0 6.621 
15 6 0 1 0 0 7.43628 
12 16 1 1 0 0 3 
16 14 0 0 0 0 5.4703 
16 8 0 1 0 0 5.61098 
16 15 0 1 0 0 5.67174 
16 13 0 1 0 0 5.77968 
16 11 0 1 0 0 6.6174 
16 7 0 0 0 0 6.70081 
16 5 0 0 0 0 6.80268 
16 4 0 0 0 0 6.80857 
16 3 0 1 0 0 7.80742 
8 17 1 1 0 0 3 
17 15 0 1 0 0 4.07863 
17 12 0 1 0 0 4.25924 
17 2 0 1 0 0 4.75828 
17 1 0 1 0 0 5.07566 
17 6 0 1 0 0 5.5046 
17 11 0 1 0 0 5.97575 
17 16 0 1 0 0 6.2906 
17 3 0 1 0 0 6.49894 
17 14 0 0 0 0 7.15028 
9 18 1 1 0 0 3 
18 7 0 1 0 0 5.84852 
18 10 0 0 0 0 6.53171 
18 13 0 0 0 0 7.21918 
18 5 0 0 0 0 7.2556 
18 4 0 0 0 0 10.1314 
18 14 0 0 0 0 10.1598 
18 11 0 0 0 0 11.0606 
18 16 0 0 0 0 12.236 
18 12 0 1 0 0 12.617 
16 19 1 1 0 0 3 
19 12 0 1 0 0 5.37342 
19 13 0 0 0 0 6.74815 
19 14 0 0 0 0 6.97441 
19 7 0 1 0 0 7.36722 
19 10 0 0 0 0 7.72298 
19 15 0 1 0 0 8.01296 
19 8 0 1 0 0 8.18985 
19 5 0 0 0 0 8.25475 
19 4 0 0 0 0 8.37985 
10 20 1 1 0 0 3 
20 7 0 0 0 0 5.13974 
20 5 0 0 0 0 6.57665 
20 9 0 0 0 0 6.74976 
20 14 0 1 0 0 6.86808 
20 13 0 0 0 0 7.27886 
20 4 0 1 0 0 7.49488 
20 19 0 0 0 0 7.54876 
20 16 0 0 0 0 8.50332 
20 11 0 1 0 0 8.92138 
19 21 1 1 0 0 3 
21 16 0 1 0 0 3.45047 
21 12 0 1 0 0 5.79933 
21 15 0 1 0 0 7.88066 
21 17 0 1 0 0 8.31981 
21 8 0 1 0 0 8.48629 
21 13 0 1 0 0 8.5522 
21 14 0 1 0 0 8.65929 
21 7 0 0 0 0 9.62487 
21 11 0 0 0 0 9.85622 
21 4 0 1 0 0 9.99699 
17 22 1 1 0 0 1.61542 
22 15 0 1 0 0 3.75781 
22 8 0 1 0 0 4.06766 
22 1 0 1 0 0 4.85266 
22 2 0 1 0 0 4.8764 
22 12 0 1 0 0 4.98354 
22 6 0 1 0 0 5.67708 
22 11 0 1 0 0 6.89743 
22 3 0 1 0 0 7.02232 
22 16 0 1 0 0 7.1633 
22 0 0 1 0 0 7.34479 
10 23 1 1 0 0 3 
23 20 0 1 0 0 3.49518 
23 7 0 1 0 0 4.49691 
23 9 0 0 0 0 5.18198 
23 5 0 1 0 0 5.4652 
23 14 0 0 0 0 6.57559 
23 18 0 0 0 0 6.85379 
23 4 0 0 0 0 6.91819 
23 13 0 1 0 0 7.25313 
23 11 0 0 0 0 8.30736 
23 3 0 1 0 0 9.44831 
6 24 1 1 0 0 3 
24 1 0 1 0 0 5.25102 
24 22 0 1 0 0 5.3765 
24 17 0 1 0 0 5.41543 
24 0 0 1 0 0 6.58688 
24 2 0 1 0 0 6.86009 
24 8 0 1 0 0 7.02213 
24 15 0 1 0 0 8.22015 
24 12 0 1 0 0 9.05583 
24 11 0 0 0 0 9.59498 
24 3 0 1 0 0 9.79999 
11 25 1 1 0 0 3 
25 4 0 0 0 0 3.23602 
25 3 0 1 0 0 4.27089 
25 5 0 1 0 0 4.44723 
25 14 0 1 0 0 4.54465 
25 2 0 0 0 0 4.55036 
25 8 0 0 0 0 5.12835 
25 15 0 0 0 0 5.93654 
25 1 0 1 0 0 6.80654 
25 12 0 1 0 0 6.94575 
25 7 0 0 0 0 7.43984 
18 26 1 1 0 0 3 
26 9 0 0 0 0 5.59704 
26 23 0 0 0 0 7.66584 
26 10 0 0 0 0 8.15476 
26 7 0 0 0 0 8.262 
26 5 0 0 0 0 9.47376 
26 13 0 0 0 0 9.61491 
26 20 0 0 0 0 10.3957 
26 4 0 0 0 0 11.9148 
26 25 0 0 0 0 12.0325 
26 14 0 0 0 0 12.0676 
23 27 1 1 0 0 1.38553 
27 20 0 0 0 0 3.75137 
27 10 0 1 0 0 3.83478 
27 7 0 1 0 0 5.39934 
27 5 0 1 0 0 6.11619 
27 9 0 0 0 0 6.26053 
27 4 0 1 0 0 7.14362 
27 14 0 0 0 0 7.19395 
27 13 0 1 0 0 7.64481 
27 18 0 0 0 0 7.91072 
27 26 0 0 0 0 8.36391 
4 28 1 1 0 0 3 
28 3 0 1 0 0 3.74749 
28 14 0 1 0 0 3.95318 
28 11 0 1 0 0 4.52688 
28 5 0 0 0 0 5.08095 
28 25 0 1 0 0 5.4392 
28 15 0 1 0 0 5.677 
28 2 0 1 0 0 6.30796 
28 12 0 1 0 0 6.63526 
28 8 0 0 0 0 6.66996 
28 7 0 1 0 0 7.08912 
28 29 1 1 0 0 3 
29 14 0 0 0 0 3.8108 
29 4 0 0 0 0 3.93116 
29 3 0 1 0 0 4.52711 
29 11 0 0 0 0 4.83816 
29 5 0 0 0 0 5.68653 
29 20 0 0 0 0 5.86767 
29 27 0 1 0 0 6.04302 
29 12 0 1 0 0 6.26491 
29 23 0 1 0 0 6.35115 
29 15 0 1 0 0 6.5662 
29 25 0 1 0 0 6.69398 
12 30 1 1 0 0 3 
30 16 0 1 0 0 3.59273 
30 19 0 1 0 0 4.09757 
30 14 0 0 0 0 4.21182 
30 29 0 1 0 0 4.65597 
30 15 0 1 0 0 4.86806 
30 4 0 0 0 0 5.32801 
30 8 0 1 0 0 5.40788 
30 11 0 0 0 0 5.48637 
30 21 0 1 0 0 5.49569 
30 3 0 1 0 0 5.57433 
30 28 0 1 0 0 6.26215 
26 31 1 1 0 0 3 
31 18 0 0 0 0 4.8686 
31 9 0 0 0 0 7.81788 
31 23 0 0 0 0 10.4455 
31 7 0 0 0 0 10.6434 
31 10 0 0 0 0 10.6443 
31 27 0 0 0 0 11.2849 
31 13 0 0 0 0 11.7687 
31 5 0 0 0 0 11.9129 
31 20 0 1 0 0 12.9874 
31 25 0 0 0 0 14.3524 
31 4 0 0 0 0 14.4394 
9 32 1 1 0 0 2.53479 
32 10 0 0 0 0 2.86492 
32 7 0 1 0 0 2.98403 
32 13 0 0 0 0 4.07048 
32 18 0 0 0 0 4.8874 
32 23 0 1 0 0 4.91256 
32 27 0 0 0 0 5.19003 
32 5 0 1 0 0 5.76392 
32 20 0 0 0 0 5.8475 
32 26 0 0 0 0 6.73004 
32 14 0 0 0 0 7.75106 
32 4 0 0 0 0 8.25317 
31 33 1 1 0 0 3 
33 26 0 0 0 0 5.67602 
33 18 0 0 0 0 7.15234 
33 9 0 0 0 0 10.1282 
33 32 0 0 0 0 11.4384 
33 7 0 0 0 0 12.9843 
33 23 0 0 0 0 13.2704 
33 10 0 0 0 0 13.3329 
33 13 0 0 0 0 13.5773 
33 27 0 0 0 0 13.9686 
33 5 0 0 0 0 14.0976 
33 20 0 0 0 0 15.8035 
26 34 1 1 0 0 2.41419 
34 31 0 0 0 0 3.69688 
34 18 0 0 0 0 3.76448 
34 9 0 0 0 0 5.88134 
34 33 0 0 0 0 6.57417 
34 32 0 0 0 0 6.70639 
34 23 0 0 0 0 7.46964 
34 10 0 0 0 0 7.73548 
34 7 0 0 0 0 8.43283 
34 27 0 0 0 0 8.69325 
34 20 0 0 0 0 9.92927 
34 13 0 0 0 0 9.96905 
33 35 1 1 0 0 3 
35 31 0 0 0 0 5.86245 
35 26 0 0 0 0 8.62416 
35 34 0 0 0 0 9.45304 
35 18 0 0 0 0 9.78817 
35 9 0 0 0 0 12.72 
35 32 0 0 0 0 14.2106 
35 7 0 0 0 0 15.5491 
35 13 0 0 0 0 16.0573 
35 10 0 0 0 0 16.0783 
35 23 0 0 0 0 16.1 
35 5 0 0 0 0 16.5019 
34 36 1 1 0 0 3 
36 31 0 1 0 0 4.66942 
36 26 0 0 0 0 4.97945 
36 18 0 0 0 0 6.48387 
36 33 0 0 0 0 7.03973 
36 9 0 0 0 0 8.44238 
36 32 0 1 0 0 9.25297 
36 35 0 0 0 0 9.67133 
36 23 0 0 0 0 9.96378 
36 10 0 0 0 0 10.1507 
36 7 0 0 0 0 11.0507 
36 27 0 0 0 0 11.1599 
36 37 1 1 0 0 3 
37 34 0 1 0 0 4.38264 
37 31 0 0 0 0 5.93987 
37 26 0 1 0 0 6.38332 
37 18 0 0 0 0 6.67014 
37 33 0 0 0 0 7.67433 
37 9 0 0 0 0 8.23045 
37 32 0 0 0 0 8.75572 
37 10 0 0 0 0 9.98802 
37 35 0 0 0 0 10.0978 
37 23 0 0 0 0 10.672 
37 7 0 0 0 0 10.7252 
20 38 1 1 0 0 2.27102 
38 10 0 0 0 0 3.85845 
38 23 0 1 0 0 5.32558 
38 7 0 0 0 0 5.40994 
38 27 0 0 0 0 5.67223 
38 29 0 0 0 0 6.1747 
38 19 0 0 0 0 6.41249 
38 32 0 1 0 0 6.48948 
38 30 0 0 0 0 6.66274 
38 28 0 1 0 0 6.79226 
38 14 0 1 0 0 6.80834 
38 5 0 0 0 0 6.8921 
23 39 1 1 0 0 3 
39 27 0 1 0 0 3.54435 
39 10 0 0 0 0 4.79459 
39 20 0 0 0 0 5.12324 
39 9 0 1 0 0 5.96033 
39 32 0 0 0 0 6.09444 
39 34 0 0 0 0 6.27497 
39 26 0 0 0 0 6.57063 
39 7 0 0 0 0 6.57601 
39 18 0 0 0 0 6.65591 
39 38 0 0 0 0 7.23809 
39 5 0 1 0 0 7.8053 
39 36 0 1 0 0 8.16444 
35 40 1 1 0 0 3 
40 33 0 0 0 0 3.63445 
40 31 0 0 0 0 6.19222 
40 37 0 0 0 0 8.66946 
40 26 0 0 0 0 8.7423 
40 36 0 0 0 0 9.11653 
40 34 0 0 0 0 9.11885 
40 18 0 0 0 0 9.64933 
40 9 0 0 0 0 12.3976 
40 32 0 0 0 0 13.5345 
40 39 0 0 0 0 15.0791 
40 7 0 0 0 0 15.1954 
40 13 0 0 0 0 15.2329 
35 41 1 1 0 0 3 
41 40 0 1 0 0 4.70727 
41 33 0 0 0 0 5.60988 
41 31 0 0 0 0 8.49502 
41 26 0 1 0 0 10.95 
41 18 0 1 0 0 11.867 
41 34 0 0 0 0 12.0917 
41 36 0 0 0 0 12.5422 
41 37 0 0 0 0 12.7795 
41 9 0 0 0 0 14.6619 
41 32 0 0 0 0 16.2403 
41 7 0 0 0 0 17.3849 
41 39 0 0 0 0 17.3925 
12 42 1 1 0 0 1.07216 
42 16 0 1 0 0 2.47087 
42 30 0 1 0 0 2.79048 
42 15 0 1 0 0 3.26497 
42 8 0 1 0 0 3.95797 
42 14 0 1 0 0 4.02771 
42 11 0 1 0 0 4.8202 
42 19 0 1 0 0 4.84793 
42 21 0 1 0 0 5.06588 
42 17 0 1 0 0 5.22032 
42 4 0 1 0 0 5.22386 
42 22 0 1 0 0 5.49565 
42 3 0 1 0 0 5.81683 
19 43 1 1 0 0 2.25637 
43 21 0 1 0 0 3.24009 
43 16 0 1 0 0 3.48068 
43 42 0 1 0 0 5.39921 
43 30 0 1 0 0 5.86683 
43 13 0 1 0 0 6.08134 
43 12 0 1 0 0 6.37229 
43 38 0 0 0 0 6.89202 
43 7 0 1 0 0 7.27086 
43 14 0 0 0 0 7.9084 
43 10 0 0 0 0 7.94206 
43 20 0 1 0 0 8.09974 
43 5 0 0 0 0 8.60482 
38 44 1 1 0 0 3 
44 20 0 0 0 0 4.36588 
44 10 0 0 0 0 5.24672 
44 19 0 0 0 0 6.17605 
44 43 0 0 0 0 6.23351 
44 7 0 0 0 0 7.06122 
44 32 0 0 0 0 7.33826 
44 23 0 0 0 0 7.47896 
44 13 0 0 0 0 7.89655 
44 27 0 0 0 0 7.94712 
44 30 0 0 0 0 8.13755 
44 16 0 0 0 0 8.17477 
44 21 0 0 0 0 8.50627 
41 45 1 1 0 0 3 
45 35 0 0 0 0 5.63489 
45 40 0 0 0 0 7.36769 
45 33 0 0 0 0 8.38949 
45 31 0 0 0 0 11.2755 
45 26 0 0 0 0 13.6733 
45 18 0 0 0 0 14.6939 
45 34 0 0 0 0 14.9334 
45 36 0 0 0 0 15.2906 
45 37 0 0 0 0 15.6523 
45 9 0 0 0 0 17.4769 
45 32 0 0 0 0 19.0579 
45 39 0 1 0 0 20.1088 
33 46 1 1 0 0 3 
46 40 0 1 0 0 4.19691 
46 31 0 0 0 0 4.22864 
46 35 0 1 0 0 4.66283 
46 26 0 0 0 0 6.25728 
46 18 0 0 0 0 6.31833 
46 41 0 1 0 0 6.49213 
46 34 0 0 0 0 6.84348 
46 37 0 0 0 0 7.11128 
46 36 0 0 0 0 7.28988 
46 9 0 0 0 0 8.9058 
46 45 0 1 0 0 9.48351 
46 32 0 0 0 0 10.8493 
45 47 1 1 0 0 3 
47 41 0 1 0 0 5.36603 
47 35 0 0 0 0 8.23246 
47 40 0 0 0 0 9.75493 
47 33 0 0 0 0 10.909 
47 46 0 1 0 0 11.4598 
47 31 0 0 0 0 13.6116 
47 26 0 1 0 0 15.9727 
47 18 0 1 0 0 16.6301 
47 34 0 0 0 0 17.224 
47 36 0 0 0 0 17.7818 
47 37 0 0 0 0 18.0008 
47 9 0 0 0 0 19.2544 
47 48 1 1 0 0 3 
48 45 0 1 0 0 4.2904 
48 41 0 1 0 0 5.57363 
48 35 0 0 0 0 8.24574 
48 40 0 1 0 0 10.0985 
48 33 0 0 0 0 10.4197 
48 46 0 1 0 0 10.5817 
48 31 0 0 0 0 12.7861 
48 26 0 0 0 0 14.8162 
48 18 0 1 0 0 15.1577 
48 34 0 0 0 0 16.1833 
48 36 0 0 0 0 17.0913 
48 37 0 0 0 0 17.4988 
47 49 1 1 0 0 3 
49 48 0 1 0 0 5.24494 
49 45 0 1 0 0 5.66961 
49 41 0 1 0 0 8.24302 
49 35 0 0 0 0 11.0452 
49 40 0 1 0 0 12.4034 
49 33 0 0 0 0 13.8407 
49 46 0 1 0 0 14.306 
49 31 0 0 0 0 16.5427 
49 26 0 1 0 0 18.9668 
49 18 0 1 0 0 19.4818 
49 34 0 0 0 0 20.1425 
49 36 0 0 0 0 20.632 
49 50 1 1 0 0 3 
50 47 0 1 0 0 4.32304 
50 48 0 1 0 0 5.31929 
50 45 0 1 0 0 7.18738 
50 41 0 1 0 0 9.19768 
50 35 0 0 0 0 12.0909 
50 40 0 0 0 0 13.2333 
50 46 0 1 0 0 13.9671 
50 33 0 0 0 0 14.6446 
50 31 0 0 0 0 17.2424 
50 18 0 1 0 0 19.3849 
50 26 0 0 0 0 19.4492 
50 34 0 0 0 0 20.5945 
16 51 1 1 0 0 3 
51 42 0 0 0 0 3.78154 
51 12 0 0 0 0 4.22103 
51 43 0 1 0 0 4.92185 
51 21 0 1 0 0 4.94847 
51 8 0 0 0 0 5.62361 
51 17 0 1 0 0 5.66813 
51 19 0 1 0 0 5.69555 
51 15 0 0 0 0 5.98916 
51 13 0 0 0 0 6.00043 
51 30 0 1 0 0 6.22969 
51 22 0 1 0 0 6.36152 
51 14 0 1 0 0 6.78075 
50 52 1 1 0 0 3 
52 49 0 1 0 0 5.0474 
52 47 0 1 0 0 6.73907 
52 48 0 1 0 0 6.87851 
52 45 0 1 0 0 9.65706 
52 41 0 1 0 0 11.6909 
52 35 0 0 0 0 14.5647 
52 40 0 0 0 0 15.908 
52 46 0 1 0 0 16.2722 
52 33 0 0 0 0 16.9878 
52 31 0 0 0 0 19.4538 
52 18 0 1 0 0 21.3417 
52 26 0 0 0 0 21.463 
29 53 1 1 0 0 3 
53 20 0 1 0 0 4.95305 
53 38 0 1 0 0 5.30757 
53 30 0 1 0 0 5.52166 
53 28 0 1 0 0 5.9253 
53 27 0 1 0 0 6.15029 
53 14 0 1 0 0 6.24676 
53 23 0 1 0 0 6.66806 
53 4 0 1 0 0 6.79293 
53 10 0 1 0 0 7.12816 
53 3 0 1 0 0 7.34843 
53 44 0 0 0 0 7.45336 
53 11 0 0 0 0 7.63032 
53 19 0 1 0 0 7.66763 
49 54 1 1 0 0 3 
54 47 0 0 0 0 4.89706 
54 50 0 0 0 0 5.53415 
54 45 0 1 0 0 6.50656 
54 52 0 1 0 0 7.51476 
54 48 0 0 0 0 7.57866 
54 41 0 0 0 0 9.18505 
54 35 0 0 0 0 11.6911 
54 40 0 0 0 0 12.8171 
54 33 0 0 0 0 14.6558 
54 46 0 0 0 0 15.2724 
54 31 0 0 0 0 17.4498 
54 26 0 0 0 0 20.1102 
54 18 0 0 0 0 20.6916 
28 55 1 1 0 0 2.92809 
55 4 0 1 0 0 3.23953 
55 5 0 1 0 0 3.96532 
55 29 0 1 0 0 4.10736 
55 14 0 1 0 0 4.38688 
55 25 0 1 0 0 4.71376 
55 11 0 1 0 0 4.94255 
55 3 0 1 0 0 5.07643 
55 23 0 1 0 0 5.18685 
55 27 0 1 0 0 5.30922 
55 7 0 1 0 0 5.92677 
55 53 0 1 0 0 6.4869 
55 10 0 1 0 0 6.60003 
55 20 0 1 0 0 6.63773 
36 56 1 1 0 0 3 
56 31 0 0 0 0 4.32452 
56 37 0 1 0 0 4.80905 
56 34 0 0 0 0 5.31536 
56 33 0 0 0 0 5.45014 
56 26 0 0 0 0 6.3003 
56 46 0 0 0 0 6.59083 
56 40 0 0 0 0 7.3466 
56 35 0 0 0 0 7.53648 
56 18 0 0 0 0 8.20106 
56 41 0 0 0 0 10.5019 
56 39 0 1 0 0 10.6455 
56 9 0 0 0 0 10.6673 
56 32 0 0 0 0 11.8329 
52 57 1 1 0 0 3 
57 50 0 1 0 0 4.18049 
57 49 0 1 0 0 6.65949 
57 48 0 1 0 0 6.9208 
57 47 0 1 0 0 7.43565 
57 54 0 1 0 0 9.25204 
57 45 0 1 0 0 10.1852 
57 41 0 1 0 0 11.5358 
57 35 0 0 0 0 14.355 
57 40 0 1 0 0 15.3543 
57 46 0 1 0 0 15.5372 
57 33 0 1 0 0 16.4149 
57 31 0 1 0 0 18.7257 
57 18 0 1 0 0 20.1216 
46 58 1 1 0 0 2.68677 
58 33 0 1 0 0 5.26836 
58 40 0 0 0 0 5.66821 
58 35 0 1 0 0 5.85923 
58 41 0 1 0 0 6.43163 
58 31 0 1 0 0 6.59397 
58 18 0 1 0 0 7.51503 
58 26 0 0 0 0 8.07975 
58 34 0 0 0 0 8.83658 
58 56 0 0 0 0 8.9689 
58 37 0 1 0 0 9.20831 
58 45 0 1 0 0 9.2132 
58 48 0 1 0 0 9.42642 
58 36 0 0 0 0 9.48824 
37 59 1 1 0 0 3 
59 34 0 1 0 0 3.60049 
59 36 0 1 0 0 3.83711 
59 26 0 0 0 0 5.56858 
59 18 0 0 0 0 6.16919 
59 31 0 0 0 0 6.41799 
59 56 0 1 0 0 6.61856 
59 32 0 0 0 0 6.7185 
59 9 0 0 0 0 7.24533 
59 39 0 1 0 0 7.37922 
59 10 0 0 0 0 7.88205 
59 23 0 0 0 0 8.52697 
59 33 0 0 0 0 8.62848 
59 46 0 0 0 0 8.95964 
54 60 1 1 0 0 3 
60 49 0 1 0 0 5.09231 
60 47 0 0 0 0 6.07117 
60 50 0 0 0 0 6.51098 
60 45 0 0 0 0 7.0532 
60 48 0 1 0 0 8.84258 
60 52 0 1 0 0 8.95028 
60 41 0 0 0 0 9.09572 
60 57 0 1 0 0 10.2157 
60 35 0 0 0 0 11.3924 
60 40 0 0 0 0 11.8895 
60 58 0 0 0 0 13.8849 
60 46 0 0 0 0 14.2692 
60 33 0 0 0 0 14.2911 
44 61 1 1 0 0 1.90657 
61 20 0 0 0 0 4.60476 
61 38 0 0 0 0 4.64182 
61 10 0 0 0 0 5.34931 
61 19 0 0 0 0 6.64764 
61 53 0 1 0 0 6.79655 
61 32 0 0 0 0 6.88724 
61 43 0 0 0 0 7.07984 
61 23 0 0 0 0 7.14424 
61 27 0 0 0 0 7.28763 
61 7 0 1 0 0 7.43098 
61 13 0 0 0 0 7.65261 
61 30 0 0 0 0 8.30434 
61 29 0 0 0 0 8.42887 
49 62 1 1 0 0 3 
62 54 0 0 0 0 3.87734 
62 50 0 0 0 0 4.07599 
62 52 0 0 0 0 4.56991 
62 47 0 1 0 0 5.82668 
62 60 0 0 0 0 6.01242 
62 57 0 0 0 0 7.18764 
62 48 0 1 0 0 7.5239 
62 45 0 0 0 0 8.43256 
62 41 0 0 0 0 11.1052 
62 35 0 0 0 0 13.8918 
62 40 0 0 0 0 15.1923 
62 58 0 1 0 0 15.364 
62 46 0 1 0 0 16.4235 
6 63 1 1 0 0 3 
63 1 0 1 0 0 4.62103 
63 24 0 0 0 0 4.7029 
63 2 0 0 0 0 5.19783 
63 0 0 1 0 0 5.50951 
63 8 0 0 0 0 5.87568 
63 17 0 1 0 0 6.2071 
63 25 0 1 0 0 6.2771 
63 22 0 1 0 0 6.87936 
63 11 0 1 0 0 6.89978 
63 15 0 1 0 0 7.49887 
63 3 0 0 0 0 7.60479 
63 4 0 1 0 0 8.25904 
63 12 0 0 0 0 8.72952 
59 64 1 1 0 0 3 
64 37 0 1 0 0 5.04297 
64 34 0 1 0 0 5.41807 
64 36 0 1 0 0 5.88297 
64 32 0 0 0 0 6.24092 
64 10 0 0 0 0 6.35748 
64 39 0 1 0 0 6.43064 
64 9 0 0 0 0 6.8629 
64 18 0 0 0 0 7.07896 
64 23 0 0 0 0 7.38926 
64 26 0 0 0 0 7.47914 
64 20 0 0 0 0 7.63868 
64 61 0 1 0 0 7.73135 
64 7 0 0 0 0 8.18691 
63 65 1 1 0 0 3 
65 24 0 0 0 0 4.58944 
65 6 0 0 0 0 4.71518 
65 17 0 1 0 0 5.70227 
65 8 0 0 0 0 5.94277 
65 1 0 0 0 0 6.46473 
65 22 0 1 0 0 6.53693 
65 2 0 1 0 0 6.6205 
65 25 0 1 0 0 7.26374 
65 11 0 0 0 0 7.26496 
65 15 0 1 0 0 7.65615 
65 0 0 0 0 0 8.01159 
65 12 0 0 0 0 8.33245 
65 51 0 0 0 0 8.44759 
60 66 1 1 0 0 3 
66 54 0 1 0 0 4.36566 
66 45 0 0 0 0 6.66877 
66 49 0 1 0 0 6.70094 
66 47 0 0 0 0 6.89028 
66 62 0 0 0 0 8.14299 
66 41 0 0 0 0 8.55476 
66 50 0 0 0 0 8.8365 
66 48 0 1 0 0 9.58976 
66 35 0 0 0 0 10.276 
66 40 0 0 0 0 10.8365 
66 52 0 1 0 0 11.3849 
66 57 0 0 0 0 12.6018 
66 33 0 0 0 0 13.206 
43 67 1 1 0 0 3 
67 19 0 1 0 0 3.70574 
67 61 0 0 0 0 4.66653 
67 44 0 0 0 0 4.91221 
67 16 0 1 0 0 5.62793 
67 13 0 1 0 0 5.70789 
67 21 0 1 0 0 5.93432 
67 38 0 1 0 0 6.38506 
67 10 0 0 0 0 6.71451 
67 30 0 1 0 0 6.98422 
67 32 0 0 0 0 7.00117 
67 7 0 0 0 0 7.04158 
67 20 0 1 0 0 7.32098 
67 51 0 1 0 0 7.48367 
61 68 1 1 0 0 1.75349 
68 44 0 1 0 0 2.27261 
68 67 0 0 0 0 4.21745 
68 38 0 0 0 0 4.78748 
68 20 0 0 0 0 5.28709 
68 19 0 1 0 0 5.61512 
68 10 0 0 0 0 6.15702 
68 43 0 1 0 0 6.3595 
68 53 0 1 0 0 6.76752 
68 30 0 1 0 0 7.63352 
68 32 0 0 0 0 7.86653 
68 7 0 0 0 0 7.97244 
68 16 0 1 0 0 8.09499 
68 13 0 0 0 0 8.09879 
45 69 1 1 0 0 3 
69 41 0 1 0 0 4.91245 
69 47 0 0 0 0 5.05381 
69 66 0 0 0 0 5.98949 
69 35 0 0 0 0 6.41476 
69 48 0 1 0 0 6.61566 
69 54 0 0 0 0 6.69943 
69 49 0 0 0 0 6.87772 
69 60 0 0 0 0 7.38079 
69 40 0 0 0 0 8.42242 
69 62 0 0 0 0 9.09953 
69 50 0 0 0 0 9.14824 
69 33 0 0 0 0 9.23284 
69 46 0 0 0 0 10.9173 
29 70 1 1 0 0 1.69567 
70 53 0 1 0 0 1.70707 
70 30 0 1 0 0 4.27666 
70 14 0 1 0 0 4.58382 
70 28 0 1 0 0 4.68381 
70 20 0 1 0 0 5.16441 
70 38 0 0 0 0 5.24203 
70 4 0 0 0 0 5.28053 
70 55 0 1 0 0 5.53335 
70 3 0 1 0 0 5.92948 
70 11 0 1 0 0 6.03939 
70 27 0 0 0 0 6.15414 
70 23 0 0 0 0 6.38913 
70 42 0 1 0 0 6.44066 
3 71 1 1 0 0 3 
71 29 0 1 0 0 3.58535 
71 28 0 1 0 0 3.72702 
71 15 0 1 0 0 4.02485 
71 14 0 0 0 0 4.20579 
71 30 0 1 0 0 4.23703 
71 70 0 1 0 0 4.34908 
71 4 0 1 0 0 4.38036 
71 11 0 0 0 0 4.65822 
71 12 0 1 0 0 4.84921 
71 42 0 1 0 0 4.88867 
71 2 0 1 0 0 5.14739 
71 8 0 1 0 0 5.54076 
71 53 0 1 0 0 5.73495 
53 72 1 1 0 0 2.96593 
72 38 0 1 0 0 3.18439 
72 20 0 0 0 0 3.4699 
72 70 0 1 0 0 3.6048 
72 68 0 1 0 0 4.31683 
72 44 0 0 0 0 4.5821 
72 61 0 1 0 0 4.85615 
72 29 0 1 0 0 5.05112 
72 30 0 1 0 0 5.4877 
72 10 0 0 0 0 5.64338 
72 19 0 1 0 0 5.77537 
72 23 0 0 0 0 6.40113 
72 27 0 0 0 0 6.49133 
72 67 0 0 0 0 6.77084 
65 73 1 1 0 0 3 
73 63 0 1 0 0 4.813 
73 8 0 1 0 0 5.85713 
73 25 0 1 0 0 6.03107 
73 11 0 0 0 0 6.18015 
73 17 0 0 0 0 6.73251 
73 2 0 0 0 0 7.11394 
73 6 0 0 0 0 7.18181 
73 5 0 1 0 0 7.23765 
73 24 0 0 0 0 7.47609 
73 51 0 0 0 0 7.5192 
73 4 0 0 0 0 7.55301 
73 15 0 1 0 0 7.59871 
73 14 0 1 0 0 7.72043 
73 12 0 1 0 0 7.81316 
70 74 1 1 0 0 1.91481 
74 29 0 1 0 0 2.61107 
74 53 0 1 0 0 3.46316 
74 28 0 1 0 0 3.74644 
74 30 0 1 0 0 3.78497 
74 71 0 1 0 0 3.81132 
74 72 0 1 0 0 4.08432 
74 38 0 1 0 0 4.43275 
74 14 0 1 0 0 4.45395 
74 4 0 0 0 0 5.07755 
74 42 0 1 0 0 5.23904 
74 20 0 0 0 0 5.44854 
74 12 0 1 0 0 5.73759 
74 55 0 1 0 0 5.80857 
74 3 0 1 0 0 5.81482 
14 75 1 1 0 0 3 
75 5 0 1 0 0 3.26468 
75 11 0 1 0 0 3.3529 
75 4 0 1 0 0 3.84553 
75 42 0 1 0 0 4.16007 
75 15 0 1 0 0 4.36439 
75 12 0 0 0 0 4.44935 
75 8 0 1 0 0 4.4983 
75 25 0 0 0 0 4.9952 
75 7 0 0 0 0 5.04436 
75 13 0 1 0 0 5.22375 
75 51 0 0 0 0 5.32824 
75 16 0 0 0 0 5.53775 
75 28 0 1 0 0 5.62506 
75 3 0 0 0 0 6.03213 
50 76 1 1 0 0 3 
76 52 0 1 0 0 3.87437 
76 49 0 0 0 0 4.07497 
76 62 0 1 0 0 4.33424 
76 57 0 1 0 0 4.77649 
76 54 0 1 0 0 5.4834 
76 47 0 1 0 0 6.2652 
76 60 0 0 0 0 6.38855 
76 48 0 1 0 0 7.66703 
76 66 0 0 0 0 8.92936 
76 45 0 1 0 0 9.06438 
76 69 0 0 0 0 10.711 
76 41 0 1 0 0 11.0489 
76 35 0 0 0 0 13.934 
76 40 0 0 0 0 14.6719 
66 77 1 1 0 0 3 
77 69 0 0 0 0 4.90378 
77 60 0 0 0 0 5.43036 
77 54 0 0 0 0 5.49204 
77 45 0 0 0 0 6.67987 
77 47 0 0 0 0 7.44155 
77 49 0 1 0 0 7.58144 
77 41 0 0 0 0 8.74475 
77 62 0 0 0 0 8.83316 
77 48 0 0 0 0 10.0703 
77 35 0 0 0 0 10.2638 
77 50 0 0 0 0 10.3428 
77 76 0 0 0 0 10.6765 
77 40 0 0 0 0 11.1185 
77 52 0 1 0 0 12.6041 
57 78 1 1 0 0 2.74071 
78 50 0 1 0 0 2.89687 
78 76 0 1 0 0 3.84826 
78 52 0 1 0 0 4.08435 
78 49 0 1 0 0 5.38616 
78 47 0 1 0 0 5.8248 
78 48 0 1 0 0 5.93944 
78 62 0 1 0 0 6.84981 
78 54 0 1 0 0 7.70931 
78 45 0 1 0 0 8.32111 
78 60 0 1 0 0 8.32179 
78 41 0 1 0 0 9.58269 
78 66 0 0 0 0 10.4691 
78 69 0 1 0 0 10.7635 
78 58 0 1 0 0 12.1372 
1 79 1 1 0 0 2.09913 
79 2 0 1 0 0 2.45435 
79 6 0 1 0 0 3.19734 
79 63 0 0 0 0 3.29783 
79 0 0 1 0 0 3.75598 
79 8 0 1 0 0 4.2932 
79 3 0 1 0 0 5.05472 
79 17 0 1 0 0 5.13934 
79 25 0 0 0 0 5.14214 
79 15 0 1 0 0 5.22099 
79 65 0 0 0 0 5.2214 
79 11 0 0 0 0 5.23553 
79 22 0 1 0 0 5.36026 
79 24 0 1 0 0 5.62096 
79 73 0 0 0 0 6.43012 
37 80 1 1 0 0 2.11923 
80 36 0 1 0 0 3.46963 
80 56 0 1 0 0 3.80074 
80 59 0 1 0 0 4.82177 
80 34 0 0 0 0 5.26055 
80 31 0 0 0 0 5.31191 
80 46 0 0 0 0 6.30938 
80 33 0 0 0 0 6.37368 
80 26 0 0 0 0 6.76747 
80 64 0 1 0 0 6.9644 
80 40 0 0 0 0 7.06495 
80 18 0 0 0 0 7.41096 
80 35 0 0 0 0 8.46185 
80 58 0 0 0 0 8.65702 
80 9 0 0 0 0 9.42962 
68 81 1 1 0 0 3 
81 61 0 1 0 0 4.21195 
81 44 0 1 0 0 5.10087 
81 67 0 1 0 0 5.64033 
81 72 0 1 0 0 6.73941 
81 19 0 1 0 0 7.05647 
81 43 0 1 0 0 7.68397 
81 38 0 0 0 0 7.74143 
81 20 0 0 0 0 8.14319 
81 10 0 0 0 0 9.013 
81 53 0 1 0 0 9.06705 
81 21 0 1 0 0 9.22867 
81 70 0 1 0 0 9.61959 
81 30 0 1 0 0 9.70388 
81 16 0 1 0 0 9.94092 
58 82 1 1 0 0 3 
82 46 0 1 0 0 4.71413 
82 40 0 0 0 0 5.17482 
82 41 0 1 0 0 5.55401 
82 35 0 1 0 0 5.94145 
82 33 0 1 0 0 6.43042 
82 45 0 1 0 0 8.00053 
82 31 0 0 0 0 8.30782 
82 48 0 1 0 0 8.38782 
82 47 0 1 0 0 9.02271 
82 18 0 1 0 0 9.56824 
82 26 0 0 0 0 10.0829 
82 78 0 1 0 0 10.205 
82 80 0 0 0 0 10.2604 
82 69 0 1 0 0 10.342 
55 83 1 1 0 0 1.16218 
83 28 0 1 0 0 3.61559 
83 4 0 1 0 0 4.26347 
83 5 0 0 0 0 4.36777 
83 23 0 1 0 0 4.51605 
83 29 0 1 0 0 4.61627 
83 27 0 1 0 0 4.62202 
83 14 0 1 0 0 5.20879 
83 25 0 1 0 0 5.73542 
83 70 0 1 0 0 5.8409 
83 7 0 1 0 0 5.85192 
83 11 0 1 0 0 5.99396 
83 74 0 1 0 0 6.10585 
83 20 0 1 0 0 6.12606 
83 3 0 1 0 0 6.19239 
48 84 1 1 0 0 3 
84 47 0 1 0 0 4.0127 
84 49 0 1 0 0 4.96139 
84 50 0 1 0 0 5.5796 
84 45 0 1 0 0 5.73064 
84 62 0 0 0 0 6.15172 
84 52 0 1 0 0 6.28777 
84 69 0 1 0 0 6.98605 
84 78 0 1 0 0 7.04563 
84 54 0 0 0 0 7.22223 
84 57 0 1 0 0 7.32893 
84 76 0 1 0 0 7.71528 
84 41 0 1 0 0 7.81839 
84 60 0 0 0 0 9.10159 
84 77 0 0 0 0 9.90945 
10 85 1 1 0 0 1.23347 
85 20 0 0 0 0 2.96065 
85 23 0 1 0 0 3.08407 
85 32 0 0 0 0 3.64219 
85 38 0 1 0 0 3.72395 
85 7 0 1 0 0 3.94012 
85 27 0 1 0 0 3.94478 
85 39 0 0 0 0 4.32764 
85 9 0 0 0 0 4.61369 
85 44 0 0 0 0 5.00279 
85 61 0 0 0 0 5.79944 
85 64 0 0 0 0 5.96698 
85 72 0 0 0 0 6.15096 
85 5 0 1 0 0 6.18203 
85 13 0 1 0 0 6.24822 
63 86 1 1 0 0 3 
86 65 0 1 0 0 4.08196 
86 6 0 0 0 0 4.97681 
86 73 0 1 0 0 5.79352 
86 79 0 0 0 0 5.99893 
86 24 0 0 0 0 6.03725 
86 0 0 1 0 0 7.17215 
86 1 0 0 0 0 7.18247 
86 2 0 0 0 0 8.07105 
86 25 0 1 0 0 8.17759 
86 8 0 0 0 0 8.73922 
86 17 0 1 0 0 8.91002 
86 11 0 1 0 0 9.3661 
86 22 0 0 0 0 9.45192 
86 15 0 0 0 0 10.2927 
29 87 1 1 0 0 2.88959 
87 28 0 1 0 0 3.09036 
87 71 0 1 0 0 3.13203 
87 3 0 1 0 0 3.40496 
87 70 0 1 0 0 4.20963 
87 4 0 1 0 0 4.49255 
87 55 0 1 0 0 4.54127 
87 74 0 1 0 0 4.67996 
87 53 0 1 0 0 5.0459 
87 14 0 0 0 0 5.24224 
87 83 0 1 0 0 5.28612 
87 11 0 0 0 0 5.49511 
87 30 0 1 0 0 5.98125 
87 2 0 1 0 0 6.3082 
87 25 0 1 0 0 6.52665 
65 88 1 1 0 0 3 
88 73 0 1 0 0 4.26525 
88 86 0 1 0 0 4.79312 
88 63 0 1 0 0 5.40146 
88 24 0 1 0 0 6.21908 
88 6 0 0 0 0 7.06957 
88 79 0 0 0 0 8.09296 
88 17 0 0 0 0 8.25189 
88 8 0 0 0 0 8.75499 
88 22 0 0 0 0 9.11697 
88 1 0 0 0 0 9.29015 
88 2 0 1 0 0 9.61129 
88 25 0 1 0 0 9.67144 
88 11 0 0 0 0 9.91009 
88 51 0 1 0 0 10.065 
60 89 1 1 0 0 3 
89 54 0 1 0 0 4.6227 
89 66 0 1 0 0 5.27237 
89 76 0 0 0 0 5.37487 
89 49 0 0 0 0 5.71404 
89 50 0 0 0 0 6.57662 
89 47 0 0 0 0 6.93511 
89 62 0 0 0 0 7.07442 
89 78 0 0 0 0 7.38162 
89 77 0 1 0 0 7.86485 
89 45 0 0 0 0 8.34405 
89 52 0 0 0 0 8.90024 
89 69 0 0 0 0 9.37605 
89 48 0 0 0 0 9.46498 
89 57 0 0 0 0 9.51941 
51 90 1 1 0 0 3 
90 75 0 0 0 0 5.0788 
90 16 0 1 0 0 5.74531 
90 73 0 1 0 0 5.81557 
90 42 0 0 0 0 5.87248 
90 12 0 0 0 0 6.12846 
90 13 0 0 0 0 6.27135 
90 8 0 0 0 0 6.41084 
90 17 0 0 0 0 6.64226 
90 15 0 1 0 0 6.8646 
90 22 0 0 0 0 7.10061 
90 65 0 1 0 0 7.18341 
90 43 0 1 0 0 7.32806 
90 5 0 0 0 0 7.62005 
90 11 0 0 0 0 7.75555 
69 91 1 1 0 0 2.33202 
91 45 0 1 0 0 5.23949 
91 77 0 1 0 0 5.30656 
91 41 0 0 0 0 6.61635 
91 66 0 0 0 0 6.7267 
91 47 0 0 0 0 7.30916 
91 35 0 0 0 0 7.33618 
91 54 0 0 0 0 8.17492 
91 60 0 0 0 0 8.27859 
91 84 0 1 0 0 8.55627 
91 48 0 1 0 0 8.57053 
91 49 0 0 0 0 8.88048 
91 40 0 0 0 0 9.37918 
91 33 0 0 0 0 9.9758 
91 62 0 0 0 0 10.1538 
91 92 1 1 0 0 3 
92 69 0 1 0 0 4.60708 
92 77 0 1 0 0 5.50856 
92 66 0 1 0 0 6.60078 
92 45 0 0 0 0 6.89299 
92 35 0 0 0 0 7.44906 
92 41 0 0 0 0 7.46637 
92 40 0 0 0 0 8.7039 
92 60 0 0 0 0 8.75829 
92 47 0 1 0 0 9.18295 
92 54 0 1 0 0 9.49104 
92 33 0 0 0 0 9.91607 
92 49 0 0 0 0 10.7024 
92 48 0 0 0 0 10.7212 
92 56 0 0 0 0 11.1153 
76 93 1 1 0 0 3 
93 52 0 1 0 0 4.87004 
93 57 0 1 0 0 5.35938 
93 78 0 1 0 0 5.53068 
93 50 0 1 0 0 5.62169 
93 62 0 0 0 0 6.37388 
93 49 0 0 0 0 6.60754 
93 89 0 0 0 0 7.31041 
93 54 0 0 0 0 7.9059 
93 47 0 1 0 0 8.88277 
93 60 0 0 0 0 8.94992 
93 84 0 1 0 0 10.0775 
93 48 0 1 0 0 10.0895 
93 66 0 0 0 0 11.4953 
93 45 0 1 0 0 11.7395 
19 94 1 1 0 0 2.14081 
94 21 0 1 0 0 3.11387 
94 43 0 1 0 0 3.1376 
94 67 0 1 0 0 4.61157 
94 16 0 1 0 0 4.88602 
94 30 0 1 0 0 5.57369 
94 68 0 1 0 0 5.89035 
94 44 0 0 0 0 6.06328 
94 42 0 1 0 0 6.22945 
94 72 0 1 0 0 6.5416 
94 81 0 1 0 0 6.5866 
94 38 0 0 0 0 6.86959 
94 74 0 1 0 0 7.00334 
94 51 0 1 0 0 7.09878 
94 12 0 1 0 0 7.12782 
75 95 1 1 0 0 2.38843 
95 42 0 1 0 0 3.37299 
95 14 0 1 0 0 3.48797 
95 12 0 1 0 0 4.09571 
95 16 0 0 0 0 4.10799 
95 5 0 1 0 0 4.12935 
95 13 0 1 0 0 4.43593 
95 7 0 1 0 0 4.56909 
95 51 0 1 0 0 4.76897 
95 4 0 1 0 0 4.82583 
95 11 0 1 0 0 4.88191 
95 30 0 1 0 0 4.91791 
95 15 0 1 0 0 5.07328 
95 74 0 1 0 0 5.14517 
95 90 0 0 0 0 5.22078 
92 96 1 1 0 0 3 
96 91 0 0 0 0 5.6124 
96 77 0 1 0 0 5.72964 
96 66 0 0 0 0 6.89897 
96 69 0 0 0 0 7.17588 
96 60 0 0 0 0 9.35447 
96 45 0 0 0 0 9.37542 
96 35 0 0 0 0 9.79059 
96 41 0 0 0 0 9.90903 
96 40 0 0 0 0 10.2459 
96 54 0 0 0 0 10.6137 
96 47 0 1 0 0 11.2861 
96 89 0 1 0 0 11.8655 
96 33 0 0 0 0 11.9905 
96 49 0 0 0 0 12.3848 
41 97 1 1 0 0 3 
97 40 0 0 0 0 4.29208 
97 35 0 0 0 0 4.3663 
97 82 0 1 0 0 4.85632 
97 45 0 1 0 0 4.88988 
97 58 0 1 0 0 5.96368 
97 46 0 1 0 0 6.14016 
97 47 0 1 0 0 6.59083 
97 33 0 0 0 0 6.70772 
97 69 0 0 0 0 6.74262 
97 48 0 1 0 0 7.18994 
97 92 0 0 0 0 7.56997 
97 91 0 0 0 0 7.57932 
97 66 0 1 0 0 8.20935 
97 60 0 0 0 0 8.2349 
96 98 1 1 0 0 3 
98 92 0 0 0 0 3.59193 
98 91 0 0 0 0 6.01865 
98 69 0 1 0 0 7.05365 
98 77 0 0 0 0 7.06143 
98 35 0 0 0 0 8.51261 
98 66 0 0 0 0 8.69139 
98 40 0 0 0 0 9.12119 
98 45 0 0 0 0 9.19641 
98 41 0 0 0 0 9.24087 
98 97 0 0 0 0 9.97478 
98 33 0 0 0 0 10.1876 
98 56 0 1 0 0 11.1912 
98 60 0 0 0 0 11.4141 
98 47 0 0 0 0 11.6585 
2 99 1 1 0 0 3 
99 79 0 1 0 0 3.08927 
99 1 0 1 0 0 3.48583 
99 0 0 1 0 0 3.93494 
99 3 0 1 0 0 4.02707 
99 25 0 1 0 0 5.19251 
99 63 0 0 0 0 5.3835 
99 11 0 1 0 0 5.49185 
99 6 0 1 0 0 5.49721 
99 8 0 1 0 0 5.59135 
99 15 0 1 0 0 6.18902 
99 4 0 1 0 0 6.2336 
99 87 0 1 0 0 6.6615 
99 71 0 1 0 0 6.73143 
99 17 0 1 0 0 7.02305 
99 28 0 1 0 0 7.21768 
59 100 1 1 0 0 1.72149 
100 37 0 1 0 0 2.21345 
100 34 0 0 0 0 2.89277 
100 36 0 1 0 0 2.97851 
100 64 0 1 0 0 3.64485 
100 80 0 1 0 0 3.82353 
100 26 0 0 0 0 4.9678 
100 18 0 0 0 0 5.12752 
100 31 0 0 0 0 5.56501 
100 56 0 1 0 0 5.66379 
100 9 0 0 0 0 6.39412 
100 32 0 0 0 0 6.83431 
100 39 0 1 0 0 7.1951 
100 46 0 1 0 0 7.33441 
100 85 0 0 0 0 7.39134 
100 10 0 0 0 0 7.91526 
25 101 1 1 0 0 1.83591 
101 99 0 1 0 0 4.40279 
101 11 0 1 0 0 4.4224 
101 4 0 1 0 0 4.69872 
101 3 0 1 0 0 4.76854 
101 2 0 0 0 0 4.86083 
101 79 0 0 0 0 4.87518 
101 55 0 1 0 0 5.57473 
101 63 0 1 0 0 6.06674 
101 14 0 1 0 0 6.09771 
101 5 0 1 0 0 6.18319 
101 8 0 0 0 0 6.20484 
101 28 0 1 0 0 6.3141 
101 83 0 1 0 0 6.57997 
101 1 0 1 0 0 6.60442 
101 75 0 0 0 0 6.74585 
78 102 1 1 0 0 3 
102 50 0 1 0 0 4.6729 
102 76 0 1 0 0 5.22964 
102 57 0 1 0 0 5.34285 
102 47 0 1 0 0 6.44308 
102 89 0 1 0 0 6.57006 
102 52 0 1 0 0 6.6538 
102 49 0 0 0 0 6.66251 
102 48 0 1 0 0 6.97472 
102 93 0 1 0 0 7.05754 
102 60 0 0 0 0 7.70997 
102 97 0 1 0 0 7.81898 
102 62 0 1 0 0 8.22074 
102 45 0 1 0 0 8.31389 
102 54 0 1 0 0 8.34656 
102 82 0 1 0 0 8.55558 
75 103 1 1 0 0 1.07193 
103 14 0 1 0 0 2.11788 
103 95 0 1 0 0 2.28958 
103 11 0 1 0 0 2.73359 
103 5 0 0 0 0 2.87897 
103 4 0 1 0 0 2.95365 
103 42 0 1 0 0 3.58575 
103 12 0 0 0 0 3.88895 
103 15 0 1 0 0 3.98412 
103 8 0 1 0 0 4.16783 
103 25 0 0 0 0 4.7449 
103 7 0 1 0 0 4.77278 
103 28 0 1 0 0 4.94567 
103 16 0 1 0 0 5.16259 
103 3 0 0 0 0 5.18403 
103 30 0 1 0 0 5.22182 
40 104 1 1 0 0 3 
104 46 0 1 0 0 5.77462 
104 35 0 1 0 0 5.80859 
104 33 0 0 0 0 5.92744 
104 97 0 0 0 0 5.94757 
104 82 0 0 0 0 6.24239 
104 80 0 0 0 0 6.45079 
104 58 0 0 0 0 7.18988 
104 41 0 0 0 0 7.28 
104 31 0 0 0 0 7.54174 
104 37 0 0 0 0 8.05357 
104 56 0 0 0 0 8.14601 
104 100 0 0 0 0 9.40398 
104 36 0 0 0 0 9.41487 
104 34 0 0 0 0 9.67639 
104 45 0 0 0 0 9.73818 
89 105 1 1 0 0 2.03401 
105 60 0 1 0 0 4.20846 
105 102 0 1 0 0 6.31164 
105 76 0 0 0 0 6.48589 
105 66 0 1 0 0 6.52462 
105 54 0 1 0 0 6.56246 
105 50 0 0 0 0 7.23134 
105 49 0 0 0 0 7.41761 
105 78 0 1 0 0 7.98249 
105 62 0 0 0 0 8.09591 
105 47 0 0 0 0 8.2442 
105 93 0 0 0 0 8.40813 
105 97 0 0 0 0 8.81309 
105 77 0 1 0 0 9.24872 
105 45 0 0 0 0 9.47276 
105 52 0 0 0 0 9.59471 
26 106 1 1 0 0 3 
106 34 0 0 0 0 4.46268 
106 18 0 0 0 0 4.56551 
106 31 0 1 0 0 5.10337 
106 39 0 1 0 0 5.43403 
106 9 0 0 0 0 6.211 
106 36 0 0 0 0 6.58856 
106 100 0 0 0 0 6.88783 
106 23 0 1 0 0 6.97913 
106 56 0 0 0 0 7.73596 
106 33 0 0 0 0 7.7397 
106 59 0 0 0 0 7.74521 
106 27 0 1 0 0 7.75189 
106 32 0 0 0 0 7.82619 
106 85 0 0 0 0 8.15061 
106 46 0 0 0 0 8.23659 
67 107 1 1 0 0 3 
107 44 0 1 0 0 4.5944 
107 61 0 1 0 0 4.67068 
107 68 0 1 0 0 4.71348 
107 43 0 1 0 0 4.92728 
107 81 0 1 0 0 5.69012 
107 19 0 1 0 0 5.91028 
107 94 0 1 0 0 6.43012 
107 10 0 1 0 0 6.55438 
107 13 0 0 0 0 6.76339 
107 38 0 1 0 0 6.81163 
107 85 0 0 0 0 7.1623 
107 32 0 0 0 0 7.18698 
107 20 0 0 0 0 7.31611 
107 7 0 1 0 0 7.33912 
107 16 0 1 0 0 7.63062 
57 108 1 1 0 0 3 
108 52 0 1 0 0 4.26922 
108 78 0 1 0 0 5.36206 
108 50 0 1 0 0 6.29287 
108 76 0 1 0 0 7.10285 
108 84 0 1 0 0 7.15832 
108 48 0 1 0 0 7.3585 
108 93 0 1 0 0 7.43129 
108 102 0 1 0 0 7.98858 
108 49 0 1 0 0 8.1306 
108 62 0 0 0 0 8.49501 
108 47 0 1 0 0 8.65557 
108 54 0 0 0 0 10.9016 
108 45 0 1 0 0 11.2695 
108 89 0 0 0 0 11.9862 
108 60 0 0 0 0 12.5029 
92 109 1 1 0 0 3 
109 96 0 0 0 0 3.53258 
109 98 0 0 0 0 4.15488 
109 77 0 0 0 0 4.48585 
109 69 0 0 0 0 4.98167 
109 91 0 1 0 0 5.0124 
109 66 0 0 0 0 5.26583 
109 45 0 0 0 0 6.42772 
109 41 0 0 0 0 6.9115 
109 97 0 0 0 0 7.14038 
109 35 0 0 0 0 7.30435 
109 40 0 0 0 0 7.60937 
109 60 0 0 0 0 7.78351 
109 47 0 1 0 0 8.54249 
109 54 0 0 0 0 8.71147 
109 104 0 0 0 0 8.9249 
106 110 1 1 0 0 3 
110 26 0 0 0 0 4.6853 
110 18 0 0 0 0 5.55879 
110 39 0 1 0 0 6.10384 
110 9 0 0 0 0 6.44742 
110 23 0 1 0 0 6.53968 
110 27 0 1 0 0 6.55693 
110 34 0 0 0 0 6.62775 
110 83 0 1 0 0 7.08245 
110 31 0 1 0 0 7.15631 
110 32 0 0 0 0 7.35365 
110 55 0 1 0 0 7.54727 
110 5 0 0 0 0 7.75205 
110 7 0 1 0 0 7.97181 
110 10 0 0 0 0 8.27041 
110 85 0 0 0 0 8.49451 
66 111 1 1 0 0 1.61615 
111 77 0 1 0 0 2.76456 
111 60 0 0 0 0 4.37076 
111 109 0 1 0 0 5.08236 
111 54 0 0 0 0 5.54318 
111 89 0 0 0 0 6.42753 
111 69 0 1 0 0 6.70864 
111 96 0 0 0 0 6.7988 
111 92 0 0 0 0 6.99042 
111 91 0 0 0 0 7.43103 
111 45 0 0 0 0 7.66871 
111 105 0 1 0 0 7.7456 
111 49 0 0 0 0 7.9611 
111 47 0 0 0 0 8.18086 
111 98 0 0 0 0 8.37977 
111 62 0 0 0 0 9.3997 
56 112 1 1 0 0 2.2951 
112 80 0 0 0 0 3.01663 
112 31 0 0 0 0 3.16031 
112 36 0 0 0 0 3.53876 
112 33 0 1 0 0 3.88618 
112 37 0 0 0 0 4.16098 
112 46 0 0 0 0 4.48304 
112 34 0 0 0 0 4.84565 
112 100 0 1 0 0 5.121 
112 26 0 0 0 0 5.59796 
112 40 0 0 0 0 5.62828 
112 35 0 0 0 0 6.25975 
112 59 0 1 0 0 6.38459 
112 104 0 0 0 0 6.42234 
112 58 0 0 0 0 6.85085 
112 18 0 0 0 0 6.9316 
42 113 1 1 0 0 1.98259 
113 12 0 1 0 0 2.01402 
113 103 0 1 0 0 2.21309 
113 14 0 1 0 0 2.36336 
113 95 0 1 0 0 2.90349 
113 15 0 0 0 0 2.98423 
113 75 0 1 0 0 3.01716 
113 11 0 0 0 0 3.13289 
113 8 0 1 0 0 3.19818 
113 4 0 1 0 0 3.41123 
113 30 0 1 0 0 3.45602 
113 16 0 1 0 0 3.79523 
113 71 0 1 0 0 4.29205 
113 5 0 0 0 0 4.40533 
113 3 0 1 0 0 4.49273 
113 74 0 1 0 0 4.76719 
81 114 1 1 0 0 3 
114 68 0 1 0 0 3.40792 
114 61 0 1 0 0 4.61131 
114 44 0 1 0 0 4.89381 
114 72 0 1 0 0 5.05966 
114 94 0 1 0 0 5.07479 
114 19 0 1 0 0 5.88312 
114 67 0 1 0 0 6.20111 
114 107 0 1 0 0 6.57703 
114 38 0 1 0 0 6.62327 
114 43 0 1 0 0 6.87447 
114 20 0 0 0 0 7.028 
114 53 0 1 0 0 7.39928 
114 70 0 1 0 0 7.89166 
114 21 0 1 0 0 7.92548 
114 30 0 1 0 0 7.95821 
60 115 1 1 0 0 1.60376 
115 66 0 1 0 0 2.65536 
115 54 0 1 0 0 3.48507 
115 89 0 1 0 0 3.80388 
115 111 0 1 0 0 4.24691 
115 105 0 1 0 0 4.76069 
115 49 0 1 0 0 5.01464 
115 77 0 1 0 0 5.06685 
115 47 0 0 0 0 5.19112 
115 45 0 0 0 0 5.65651 
115 69 0 0 0 0 6.15078 
115 50 0 0 0 0 6.41213 
115 62 0 1 0 0 6.58192 
115 109 0 0 0 0 6.67374 
115 97 0 0 0 0 6.8397 
115 76 0 0 0 0 6.89872 
43 116 1 1 0 0 2.64372 
116 67 0 1 0 0 2.78173 
116 19 0 1 0 0 4.03171 
116 107 0 1 0 0 4.16764 
116 44 0 0 0 0 4.69078 
116 95 0 1 0 0 4.77685 
116 94 0 1 0 0 4.80265 
116 16 0 1 0 0 4.83372 
116 13 0 0 0 0 4.95327 
116 38 0 1 0 0 5.13201 
116 21 0 1 0 0 5.63346 
116 7 0 0 0 0 5.98022 
116 51 0 1 0 0 6.0333 
116 68 0 0 0 0 6.08089 
116 42 0 0 0 0 6.37983 
116 61 0 0 0 0 6.3836 
60 117 1 1 0 0 3 
117 54 0 1 0 0 3.2224 
117 89 0 0 0 0 3.54003 
117 115 0 1 0 0 4.43043 
117 66 0 0 0 0 4.80327 
117 105 0 1 0 0 5.32413 
117 49 0 1 0 0 5.62974 
117 111 0 1 0 0 5.70257 
117 62 0 1 0 0 5.71228 
117 76 0 0 0 0 5.97481 
117 77 0 0 0 0 6.79136 
117 50 0 1 0 0 7.26765 
117 47 0 1 0 0 7.71389 
117 93 0 0 0 0 7.82205 
117 78 0 0 0 0 8.95178 
117 52 0 0 0 0 9.0297 
68 118 1 1 0 0 2.02596 
118 61 0 1 0 0 2.73187 
118 72 0 1 0 0 2.91511 
118 114 0 1 0 0 3.22294 
118 44 0 1 0 0 3.43341 
118 81 0 1 0 0 4.12515 
118 38 0 1 0 0 4.42762 
118 20 0 0 0 0 4.55387 
118 53 0 1 0 0 5.14769 
118 67 0 1 0 0 5.74731 
118 70 0 1 0 0 5.83786 
118 19 0 1 0 0 6.15833 
118 94 0 1 0 0 6.38704 
118 10 0 0 0 0 6.39119 
118 107 0 1 0 0 6.52733 
118 74 0 1 0 0 6.75133 
36 119 1 1 0 0 2.59129 
119 56 0 1 0 0 2.81067 
119 80 0 1 0 0 3.65951 
119 112 0 1 0 0 3.74685 
119 34 0 1 0 0 4.28263 
119 31 0 0 0 0 4.33964 
119 37 0 1 0 0 4.41499 
119 59 0 1 0 0 4.63055 
119 100 0 1 0 0 4.67743 
119 26 0 0 0 0 5.3744 
119 33 0 0 0 0 6.0089 
119 106 0 0 0 0 7.28908 
119 18 0 0 0 0 7.32964 
119 64 0 1 0 0 7.5192 
119 46 0 0 0 0 7.63692 
119 40 0 0 0 0 7.93849 
107 120 1 1 0 0 3 
120 44 0 1 0 0 5.65077 
120 61 0 1 0 0 5.89608 
120 67 0 1 0 0 5.94298 
120 64 0 1 0 0 6.16051 
120 116 0 1 0 0 6.29851 
120 68 0 1 0 0 6.49355 
120 85 0 0 0 0 7.12154 
120 81 0 1 0 0 7.22574 
120 10 0 1 0 0 7.23148 
120 32 0 0 0 0 7.46291 
120 43 0 1 0 0 7.52399 
120 38 0 0 0 0 7.88034 
120 118 0 1 0 0 8.21262 
120 20 0 0 0 0 8.21745 
120 13 0 1 0 0 8.26134 
91 121 1 1 0 0 3 
121 69 0 1 0 0 3.55616 
121 92 0 1 0 0 4.85929 
121 45 0 0 0 0 5.60489 
121 109 0 1 0 0 6.11994 
121 41 0 0 0 0 6.14257 
121 98 0 1 0 0 6.18957 
121 35 0 0 0 0 6.21728 
121 77 0 1 0 0 7.31945 
121 96 0 0 0 0 7.58295 
121 47 0 0 0 0 8.10017 
121 33 0 0 0 0 8.27003 
121 97 0 0 0 0 8.46142 
121 40 0 0 0 0 8.61396 
121 48 0 1 0 0 8.74504 
121 84 0 1 0 0 9.07166 
53 122 1 1 0 0 3 
122 70 0 1 0 0 4.16894 
122 29 0 1 0 0 4.5535 
122 72 0 1 0 0 4.66983 
122 20 0 1 0 0 5.46565 
122 87 0 1 0 0 5.56935 
122 74 0 1 0 0 5.64718 
122 27 0 1 0 0 5.88308 
122 83 0 1 0 0 6.0472 
122 55 0 1 0 0 6.33105 
122 28 0 1 0 0 6.43373 
122 38 0 1 0 0 6.48507 
122 23 0 1 0 0 6.56239 
122 118 0 1 0 0 6.5737 
122 71 0 1 0 0 7.53612 
122 10 0 1 0 0 7.58669 
52 123 1 1 0 0 3 
123 62 0 0 0 0 4.1936 
123 76 0 1 0 0 5.15565 
123 50 0 1 0 0 5.22009 
123 57 0 1 0 0 5.4337 
123 108 0 1 0 0 5.51917 
123 49 0 1 0 0 5.61111 
123 93 0 1 0 0 5.73435 
123 84 0 1 0 0 6.3696 
123 78 0 1 0 0 6.58807 
123 54 0 0 0 0 7.54094 
123 47 0 1 0 0 7.73659 
123 48 0 1 0 0 8.06262 
123 117 0 0 0 0 9.0789 
123 102 0 1 0 0 9.09022 
123 60 0 1 0 0 9.71433 
98 124 1 1 0 0 3 
124 92 0 0 0 0 4.39474 
124 96 0 1 0 0 4.88136 
124 109 0 0 0 0 5.90326 
124 91 0 1 0 0 6.42498 
124 121 0 1 0 0 6.59424 
124 35 0 0 0 0 7.56883 
124 69 0 0 0 0 8.09471 
124 40 0 0 0 0 8.25408 
124 56 0 1 0 0 8.28953 
124 112 0 0 0 0 8.77673 
124 33 0 0 0 0 8.78282 
124 97 0 0 0 0 9.10439 
124 41 0 0 0 0 9.13083 
124 104 0 0 0 0 9.34051 
124 77 0 0 0 0 9.45732 
85 125 1 1 0 0 2.9056 
125 20 0 0 0 0 3.12956 
125 44 0 1 0 0 3.13754 
125 61 0 1 0 0 3.44607 
125 10 0 0 0 0 3.49242 
125 38 0 0 0 0 3.68706 
125 68 0 1 0 0 4.66261 
125 118 0 1 0 0 5.00258 
125 23 0 0 0 0 5.33308 
125 72 0 0 0 0 5.42894 
125 120 0 1 0 0 5.53243 
125 32 0 0 0 0 5.63535 
125 64 0 1 0 0 5.65439 
125 107 0 1 0 0 5.73081 
125 27 0 0 0 0 5.89281 
125 39 0 1 0 0 5.90476 
40 126 1 1 0 0 0.824736 
126 104 0 1 0 0 2.70618 
126 35 0 1 0 0 3.52861 
126 97 0 0 0 0 3.9093 
126 46 0 0 0 0 4.19492 
126 33 0 0 0 0 4.32276 
126 41 0 0 0 0 5.06087 
126 82 0 0 0 0 5.08853 
126 58 0 0 0 0 5.52721 
126 112 0 0 0 0 5.73092 
126 31 0 0 0 0 6.63389 
126 80 0 0 0 0 6.88733 
126 56 0 0 0 0 7.48891 
126 45 0 0 0 0 7.70954 
126 109 0 0 0 0 7.99708 
126 124 0 0 0 0 8.22797 
10 127 1 1 0 0 1.44421 
127 85 0 1 0 0 1.74117 
127 32 0 0 0 0 2.62956 
127 23 0 1 0 0 2.69464 
127 27 0 1 0 0 2.72949 
127 7 0 1 0 0 3.69692 
127 20 0 0 0 0 3.7762 
127 39 0 0 0 0 4.35811 
127 9 0 0 0 0 4.37761 
127 125 0 1 0 0 4.45806 
127 38 0 1 0 0 5.00247 
127 13 0 1 0 0 5.69673 
127 5 0 1 0 0 5.79231 
127 61 0 0 0 0 6.08501 
127 83 0 1 0 0 6.24707 
127 18 0 0 0 0 6.45275 
119 128 1 1 0 0 3 
128 36 0 1 0 0 3.94608 
128 34 0 1 0 0 4.63866 
128 56 0 1 0 0 4.70193 
128 26 0 0 0 0 5.38085 
128 31 0 0 0 0 5.43322 
128 59 0 1 0 0 5.63052 
128 100 0 1 0 0 5.91582 
128 112 0 0 0 0 6.10417 
128 106 0 1 0 0 6.16208 
128 80 0 1 0 0 6.46497 
128 37 0 1 0 0 6.61846 
128 33 0 0 0 0 7.62926 
128 64 0 1 0 0 7.88908 
128 18 0 0 0 0 7.90071 
128 39 0 1 0 0 8.03556 
110 129 1 1 0 0 3 
129 106 0 1 0 0 4.59272 
129 26 0 0 0 0 5.4412 
129 18 0 0 0 0 6.21115 
129 31 0 1 0 0 6.9496 
129 9 0 0 0 0 7.72176 
129 34 0 1 0 0 7.78111 
129 33 0 1 0 0 8.29197 
129 46 0 1 0 0 8.66479 
129 39 0 1 0 0 8.91865 
129 5 0 0 0 0 8.96059 
129 23 0 1 0 0 9.0913 
129 58 0 1 0 0 9.10658 
129 83 0 1 0 0 9.11259 
129 32 0 0 0 0 9.14843 
129 27 0 1 0 0 9.31471 
83 130 1 1 0 0 2.42833 
130 55 0 1 0 0 2.50401 
130 29 0 1 0 0 2.89034 
130 28 0 1 0 0 3.58482 
130 70 0 1 0 0 3.93247 
130 27 0 1 0 0 4.00573 
130 87 0 1 0 0 4.24652 
130 53 0 1 0 0 4.44421 
130 122 0 1 0 0 4.49857 
130 4 0 1 0 0 4.53779 
130 23 0 1 0 0 4.88655 
130 74 0 1 0 0 5.08992 
130 14 0 1 0 0 5.09512 
130 5 0 1 0 0 5.4199 
130 20 0 1 0 0 5.63273 
130 127 0 1 0 0 5.89232 
64 131 1 1 0 0 3 
131 59 0 1 0 0 3.88985 
131 100 0 1 0 0 3.97986 
131 37 0 1 0 0 4.42471 
131 120 0 1 0 0 5.24891 
131 80 0 1 0 0 6.27201 
131 34 0 0 0 0 6.46877 
131 36 0 1 0 0 6.63454 
131 32 0 0 0 0 6.90133 
131 125 0 1 0 0 7.27086 
131 9 0 0 0 0 7.3515 
131 18 0 0 0 0 7.44072 
131 85 0 0 0 0 7.51383 
131 107 0 1 0 0 7.54389 
131 10 0 0 0 0 7.78577 
131 119 0 1 0 0 8.1547 
19 132 1 1 0 0 1.19934 
132 94 0 1 0 0 2.1303 
132 43 0 1 0 0 3.39109 
132 30 0 1 0 0 3.55714 
132 21 0 1 0 0 3.65472 
132 16 0 1 0 0 3.74128 
132 67 0 1 0 0 4.31622 
132 116 0 1 0 0 4.96574 
132 42 0 1 0 0 5.01579 
132 72 0 1 0 0 5.26956 
132 114 0 1 0 0 5.29959 
132 68 0 1 0 0 5.36165 
132 118 0 1 0 0 5.44112 
132 12 0 1 0 0 5.54926 
132 74 0 1 0 0 5.97903 
132 70 0 1 0 0 6.18051 
90 133 1 1 0 0 1.84772 
133 73 0 1 0 0 4.61055 
133 51 0 1 0 0 4.695 
133 75 0 0 0 0 5.7682 
133 65 0 1 0 0 5.99735 
133 95 0 0 0 0 6.32837 
133 103 0 0 0 0 6.57092 
133 88 0 1 0 0 6.70648 
133 8 0 1 0 0 6.79359 
133 17 0 0 0 0 6.95711 
133 42 0 0 0 0 7.20241 
133 113 0 0 0 0 7.26307 
133 12 0 0 0 0 7.29811 
133 16 0 1 0 0 7.3985 
133 22 0 0 0 0 7.40602 
133 13 0 0 0 0 7.4455 
87 134 1 1 0 0 1.70596 
134 71 0 1 0 0 2.17027 
134 3 0 1 0 0 2.51584 
134 28 0 1 0 0 3.70137 
134 29 0 1 0 0 3.86903 
134 4 0 1 0 0 4.49476 
134 2 0 1 0 0 4.99188 
134 74 0 1 0 0 5.03719 
134 70 0 1 0 0 5.07636 
134 11 0 1 0 0 5.14814 
134 14 0 0 0 0 5.17162 
134 55 0 1 0 0 5.40247 
134 15 0 1 0 0 5.44002 
134 30 0 1 0 0 5.65519 
134 130 0 1 0 0 5.65878 
134 99 0 1 0 0 5.66144 
134 113 0 1 0 0 5.72218 
10 135 1 1 0 0 1.99375 
135 85 0 1 0 0 2.92549 
135 127 0 1 0 0 3.12442 
135 20 0 0 0 0 3.22275 
135 38 0 1 0 0 3.2767 
135 125 0 1 0 0 3.48568 
135 7 0 1 0 0 3.49797 
135 32 0 1 0 0 3.61865 
135 61 0 0 0 0 3.94103 
135 44 0 0 0 0 4.13018 
135 13 0 1 0 0 4.42498 
135 23 0 1 0 0 4.60546 
135 68 0 0 0 0 4.6937 
135 67 0 0 0 0 4.90415 
135 27 0 1 0 0 4.98646 
135 72 0 1 0 0 5.02029 
135 116 0 0 0 0 5.0519 
16 136 1 1 0 0 0.793051 
136 42 0 1 0 0 2.71886 
136 43 0 1 0 0 3.00893 
136 51 0 1 0 0 3.06075 
136 19 0 1 0 0 3.08955 
136 21 0 1 0 0 3.09668 
136 12 0 1 0 0 3.67478 
136 132 0 1 0 0 3.74823 
136 95 0 0 0 0 4.05158 
136 30 0 1 0 0 4.05586 
136 113 0 1 0 0 4.32621 
136 94 0 1 0 0 4.4319 
136 116 0 1 0 0 4.44451 
136 103 0 0 0 0 5.14743 
136 75 0 1 0 0 5.47295 
136 67 0 1 0 0 5.649 
136 90 0 1 0 0 5.66035 
124 137 1 1 0 0 0.888446 
137 98 0 1 0 0 3.59927 
137 92 0 0 0 0 4.92502 
137 96 0 1 0 0 5.42759 
137 109 0 0 0 0 6.77775 
137 91 0 1 0 0 7.06372 
137 121 0 1 0 0 7.09165 
137 56 0 1 0 0 8.06522 
137 35 0 0 0 0 8.09699 
137 112 0 1 0 0 8.73622 
137 69 0 0 0 0 8.79072 
137 126 0 0 0 0 8.80411 
137 40 0 0 0 0 8.8406 
137 33 0 0 0 0 9.15483 
137 41 0 0 0 0 9.83463 
137 97 0 0 0 0 9.84066 
137 104 0 0 0 0 9.87784 
60 138 1 1 0 0 2.09654 
138 115 0 1 0 0 2.56203 
138 54 0 1 0 0 2.61324 
138 89 0 1 0 0 2.85394 
138 117 0 1 0 0 3.57536 
138 49 0 1 0 0 3.6767 
138 66 0 1 0 0 4.44475 
138 105 0 0 0 0 4.58884 
138 47 0 1 0 0 4.84892 
138 76 0 0 0 0 5.09791 
138 111 0 0 0 0 5.34753 
138 62 0 1 0 0 5.40735 
138 50 0 0 0 0 5.46095 
138 77 0 0 0 0 6.0794 
138 45 0 0 0 0 6.28799 
138 102 0 0 0 0 6.83311 
138 78 0 1 0 0 7.03669 
39 139 1 1 0 0 2.25435 
139 23 0 1 0 0 2.79116 
139 27 0 1 0 0 3.57435 
139 127 0 0 0 0 4.13041 
139 85 0 0 0 0 4.2764 
139 106 0 1 0 0 4.42823 
139 110 0 1 0 0 4.48842 
139 9 0 1 0 0 4.56241 
139 10 0 0 0 0 4.65572 
139 18 0 0 0 0 5.31755 
139 83 0 1 0 0 5.32736 
139 32 0 1 0 0 5.34198 
139 7 0 0 0 0 5.4281 
139 20 0 1 0 0 5.58729 
139 26 0 0 0 0 5.68119 
139 34 0 0 0 0 6.03498 
139 55 0 1 0 0 6.17502 
7 140 1 1 0 0 1.55471 
140 5 0 1 0 0 1.71437 
140 10 0 1 0 0 3.77872 
140 14 0 0 0 0 3.81944 
140 9 0 1 0 0 3.8472 
140 13 0 1 0 0 3.84828 
140 103 0 1 0 0 3.88222 
140 4 0 0 0 0 4.20134 
140 32 0 1 0 0 4.20315 
140 75 0 0 0 0 4.26708 
140 127 0 1 0 0 4.27137 
140 95 0 0 0 0 4.27597 
140 23 0 1 0 0 4.30848 
140 135 0 1 0 0 4.33068 
140 55 0 1 0 0 4.60681 
140 85 0 1 0 0 4.72635 
140 83 0 1 0 0 4.78001 
116 141 1 1 0 0 2.74473 
141 107 0 1 0 0 3.2989 
141 67 0 1 0 0 3.60889 
141 13 0 0 0 0 3.91573 
141 135 0 1 0 0 4.2006 
141 43 0 1 0 0 4.26462 
141 120 0 1 0 0 4.93226 
141 7 0 1 0 0 5.04447 
141 32 0 1 0 0 5.42865 
141 10 0 1 0 0 5.43216 
141 44 0 0 0 0 5.51219 
141 19 0 1 0 0 5.67524 
141 61 0 0 0 0 5.76818 
141 136 0 1 0 0 5.78418 
141 125 0 1 0 0 5.97472 
141 85 0 1 0 0 5.97625 
141 95 0 0 0 0 6.11335 
55 142 1 1 0 0 1.65334 
142 83 0 1 0 0 1.91125 
142 130 0 1 0 0 2.06295 
142 28 0 1 0 0 2.87424 
142 29 0 1 0 0 3.63042 
142 87 0 1 0 0 3.71192 
142 4 0 1 0 0 4.15982 
142 134 0 1 0 0 4.88744 
142 14 0 1 0 0 5.04887 
142 70 0 1 0 0 5.06029 
142 3 0 1 0 0 5.23175 
142 5 0 0 0 0 5.32895 
142 71 0 1 0 0 5.54075 
142 122 0 1 0 0 5.55098 
142 23 0 1 0 0 5.5891 
142 25 0 1 0 0 5.60174 
142 74 0 1 0 0 5.61743 
111 143 1 1 0 0 3 
143 66 0 1 0 0 3.71922 
143 77 0 0 0 0 4.68639 
143 60 0 1 0 0 5.92478 
143 115 0 0 0 0 6.06854 
143 109 0 0 0 0 6.41833 
143 96 0 0 0 0 6.45892 
143 117 0 1 0 0 6.67869 
143 54 0 0 0 0 7.50221 
143 89 0 0 0 0 7.67279 
143 92 0 0 0 0 7.7057 
143 138 0 1 0 0 7.71317 
143 105 0 1 0 0 8.54323 
143 98 0 0 0 0 8.78392 
143 91 0 0 0 0 8.79109 
143 69 0 0 0 0 8.86057 
143 45 0 0 0 0 10.112 
13 144 1 1 0 0 2.34291 
144 140 0 1 0 0 3.00762 
144 7 0 1 0 0 3.01856 
144 5 0 1 0 0 3.20386 
144 75 0 1 0 0 3.7563 
144 95 0 1 0 0 3.89567 
144 103 0 1 0 0 3.90214 
144 32 0 0 0 0 4.67289 
144 14 0 1 0 0 4.77679 
144 9 0 0 0 0 4.96283 
144 113 0 1 0 0 5.16758 
144 11 0 0 0 0 5.37129 
144 4 0 0 0 0 5.39303 
144 135 0 1 0 0 5.55456 
144 127 0 1 0 0 5.63403 
144 10 0 1 0 0 5.79013 
144 16 0 0 0 0 6.11126 
56 145 1 1 0 0 1.0734 
145 112 0 1 0 0 2.28109 
145 119 0 1 0 0 2.71949 
145 31 0 0 0 0 3.45046 
145 36 0 1 0 0 3.79978 
145 80 0 1 0 0 4.0512 
145 33 0 0 0 0 4.40465 
145 128 0 1 0 0 4.50154 
145 34 0 0 0 0 4.97652 
145 37 0 1 0 0 5.33472 
145 26 0 0 0 0 5.64942 
145 100 0 1 0 0 5.76396 
145 46 0 1 0 0 6.04282 
145 40 0 0 0 0 6.42165 
145 35 0 0 0 0 6.49538 
145 59 0 1 0 0 6.51264 
145 126 0 0 0 0 6.6202 
51 146 1 1 0 0 1.52684 
146 136 0 1 0 0 2.19412 
146 16 0 1 0 0 2.3397 
146 42 0 0 0 0 3.61665 
146 90 0 1 0 0 3.84921 
146 43 0 1 0 0 3.97538 
146 95 0 1 0 0 4.07152 
146 12 0 1 0 0 4.19825 
146 113 0 1 0 0 4.62344 
146 21 0 1 0 0 4.70768 
146 19 0 1 0 0 4.74606 
146 116 0 1 0 0 4.93252 
146 13 0 0 0 0 4.98969 
146 75 0 0 0 0 5.03488 
146 103 0 1 0 0 5.04293 
146 141 0 1 0 0 5.51186 
146 132 0 1 0 0 5.54895 
60 147 1 1 0 0 3 
147 54 0 0 0 0 3.23876 
147 117 0 1 0 0 3.35053 
147 66 0 1 0 0 3.47471 
147 115 0 1 0 0 3.93671 
147 111 0 1 0 0 4.21012 
147 138 0 0 0 0 4.49712 
147 77 0 0 0 0 4.57509 
147 143 0 1 0 0 5.55571 
147 89 0 0 0 0 5.63638 
147 62 0 1 0 0 6.02213 
147 49 0 1 0 0 6.17698 
147 105 0 0 0 0 6.571 
147 47 0 0 0 0 7.54168 
147 69 0 0 0 0 7.73618 
147 50 0 0 0 0 8.01767 
147 76 0 1 0 0 8.06855 
116 148 1 1 0 0 2.32709 
148 141 0 1 0 0 2.98367 
148 43 0 1 0 0 3.27399 
148 67 0 1 0 0 3.9911 
148 107 0 1 0 0 4.46194 
148 146 0 1 0 0 4.88212 
148 136 0 1 0 0 5.17382 
148 13 0 1 0 0 5.2637 
148 19 0 1 0 0 5.41993 
148 16 0 1 0 0 5.69327 
148 51 0 1 0 0 5.85889 
148 94 0 1 0 0 5.90142 
148 95 0 1 0 0 6.01892 
148 21 0 1 0 0 6.11926 
148 120 0 1 0 0 6.30133 
148 132 0 1 0 0 6.46616 
148 44 0 0 0 0 6.48784 
39 149 1 1 0 0 3 
149 139 0 1 0 0 4.77414 
149 34 0 0 0 0 5.43498 
149 23 0 1 0 0 5.47778 
149 106 0 1 0 0 5.8556 
149 64 0 1 0 0 5.87686 
149 128 0 1 0 0 6.01113 
149 59 0 1 0 0 6.1572 
149 27 0 1 0 0 6.2404 
149 26 0 0 0 0 6.48708 
149 127 0 0 0 0 6.56244 
149 100 0 1 0 0 6.57822 
149 85 0 0 0 0 6.59159 
149 36 0 1 0 0 6.72459 
149 10 0 0 0 0 6.88799 
149 110 0 1 0 0 7.29397 
149 125 0 1 0 0 7.39807 
110 150 1 1 0 0 3 
150 139 0 1 0 0 3.84914 
150 83 0 1 0 0 4.31308 
150 23 0 1 0 0 4.66009 
150 27 0 1 0 0 4.76029 
150 55 0 1 0 0 4.78959 
150 129 0 1 0 0 5.22737 
150 130 0 1 0 0 5.42078 
150 106 0 1 0 0 5.54768 
150 39 0 1 0 0 5.60484 
150 140 0 0 0 0 5.61389 
150 142 0 1 0 0 5.63274 
150 5 0 1 0 0 5.73066 
150 127 0 0 0 0 5.91426 
150 9 0 1 0 0 6.22681 
150 7 0 0 0 0 6.54599 
150 32 0 0 0 0 6.77275 
4 151 1 1 0 0 1.44729 
151 11 0 1 0 0 2.24353 
151 3 0 1 0 0 2.49855 
151 28 0 1 0 0 2.72514 
151 25 0 1 0 0 3.13355 
151 14 0 1 0 0 3.15001 
151 55 0 1 0 0 3.22619 
151 142 0 1 0 0 4.00296 
151 29 0 1 0 0 4.05144 
151 87 0 1 0 0 4.07581 
151 101 0 1 0 0 4.12338 
151 134 0 1 0 0 4.13021 
151 5 0 0 0 0 4.18018 
151 83 0 1 0 0 4.23457 
151 103 0 1 0 0 4.31559 
151 113 0 1 0 0 4.41512 
151 71 0 1 0 0 4.48926 
99 152 1 1 0 0 1.97519 
152 2 0 1 0 0 2.88774 
152 101 0 1 0 0 3.316 
152 3 0 1 0 0 3.46818 
152 79 0 1 0 0 3.5235 
152 25 0 1 0 0 3.81883 
152 151 0 1 0 0 4.00162 
152 11 0 0 0 0 4.31987 
152 1 0 1 0 0 4.652 
152 8 0 0 0 0 4.98596 
152 4 0 1 0 0 5.03242 
152 63 0 0 0 0 5.43416 
152 134 0 1 0 0 5.58171 
152 0 0 1 0 0 5.63138 
152 15 0 1 0 0 5.77781 
152 28 0 1 0 0 6.24871 
152 6 0 1 0 0 6.3355 
102 153 1 1 0 0 3 
153 105 0 1 0 0 4.29675 
153 89 0 1 0 0 5.37096 
153 78 0 1 0 0 5.77686 
153 50 0 1 0 0 6.5497 
153 138 0 1 0 0 6.57371 
153 76 0 1 0 0 6.57882 
153 115 0 1 0 0 6.70389 
153 60 0 0 0 0 6.94654 
153 97 0 1 0 0 7.37042 
153 47 0 1 0 0 7.70882 
153 49 0 0 0 0 7.88503 
153 57 0 1 0 0 8.14415 
153 93 0 1 0 0 8.41427 
153 54 0 0 0 0 8.57362 
153 117 0 0 0 0 8.59947 
153 82 0 1 0 0 8.70817 
117 154 1 1 0 0 3 
154 60 0 0 0 0 3.65172 
154 89 0 1 0 0 3.85314 
154 111 0 1 0 0 4.32863 
154 138 0 0 0 0 4.40741 
154 66 0 0 0 0 4.45554 
154 147 0 1 0 0 4.48796 
154 115 0 1 0 0 4.86388 
154 105 0 1 0 0 5.23355 
154 54 0 0 0 0 5.29633 
154 143 0 1 0 0 5.31058 
154 77 0 0 0 0 6.51114 
154 49 0 0 0 0 7.68647 
154 76 0 0 0 0 8.32555 
154 62 0 1 0 0 8.53932 
154 109 0 0 0 0 8.90149 
154 47 0 0 0 0 9.05215 
106 155 1 1 0 0 2.24982 
155 26 0 1 0 0 3.74769 
155 31 0 0 0 0 4.58746 
155 110 0 1 0 0 4.6851 
155 34 0 0 0 0 4.90073 
155 129 0 1 0 0 5.23243 
155 128 0 1 0 0 5.53128 
155 145 0 1 0 0 5.97999 
155 18 0 1 0 0 6.08743 
155 36 0 0 0 0 6.28763 
155 139 0 1 0 0 6.52138 
155 56 0 1 0 0 6.57189 
155 149 0 1 0 0 6.66107 
155 112 0 0 0 0 6.77094 
155 119 0 1 0 0 6.84887 
155 33 0 0 0 0 6.86912 
155 39 0 1 0 0 7.15922 
122 156 1 1 0 0 2.82218 
156 53 0 1 0 0 4.20774 
156 72 0 1 0 0 4.96285 
156 118 0 1 0 0 5.83126 
156 70 0 1 0 0 5.8532 
156 20 0 0 0 0 6.00097 
156 130 0 1 0 0 6.71771 
156 29 0 1 0 0 6.77185 
156 27 0 1 0 0 6.92215 
156 38 0 1 0 0 7.16231 
156 74 0 1 0 0 7.41835 
156 68 0 1 0 0 7.57707 
156 61 0 1 0 0 7.61027 
156 23 0 1 0 0 7.82887 
156 125 0 1 0 0 7.9669 
156 87 0 1 0 0 8.09482 
156 142 0 1 0 0 8.19398 
56 157 1 1 0 0 3 
157 145 0 1 0 0 3.33809 
157 112 0 1 0 0 3.77331 
157 80 0 1 0 0 4.83114 
157 119 0 1 0 0 5.31813 
157 36 0 1 0 0 5.7528 
157 137 0 1 0 0 5.76779 
157 33 0 0 0 0 5.84152 
157 124 0 1 0 0 5.91321 
157 40 0 1 0 0 6.29213 
157 31 0 0 0 0 6.29352 
157 126 0 0 0 0 6.37398 
157 37 0 1 0 0 6.58482 
157 35 0 1 0 0 6.72855 
157 104 0 0 0 0 6.93166 
157 46 0 0 0 0 7.21317 
157 128 0 1 0 0 7.33592 
104 158 1 1 0 0 3 
158 126 0 1 0 0 4.50604 
158 40 0 0 0 0 5.172 
158 97 0 1 0 0 6.70748 
158 35 0 0 0 0 7.5644 
158 157 0 0 0 0 7.8361 
158 80 0 0 0 0 8.14999 
158 109 0 0 0 0 8.22014 
158 46 0 1 0 0 8.30393 
158 33 0 0 0 0 8.40892 
158 82 0 1 0 0 8.43797 
158 112 0 1 0 0 8.44108 
158 41 0 0 0 0 8.64203 
158 124 0 0 0 0 8.86745 
158 145 0 0 0 0 9.06919 
158 137 0 0 0 0 9.38091 
158 92 0 0 0 0 9.46698 
139 159 1 1 0 0 2.90377 
159 110 0 1 0 0 3.22744 
159 39 0 1 0 0 3.40702 
159 106 0 1 0 0 3.63051 
159 150 0 1 0 0 3.69006 
159 149 0 1 0 0 4.42135 
159 23 0 1 0 0 4.84845 
159 27 0 1 0 0 4.93089 
159 155 0 1 0 0 5.21744 
159 26 0 1 0 0 5.29934 
159 127 0 0 0 0 5.99548 
159 129 0 1 0 0 6.01863 
159 34 0 0 0 0 6.21154 
159 18 0 0 0 0 6.51199 
159 83 0 1 0 0 6.69899 
159 9 0 0 0 0 6.85471 
159 85 0 0 0 0 7.0387 
69 160 1 1 0 0 1.78582 
160 91 0 1 0 0 3.21437 
160 77 0 1 0 0 3.54567 
160 45 0 0 0 0 3.71297 
160 109 0 1 0 0 4.0596 
160 92 0 1 0 0 4.70359 
160 66 0 1 0 0 4.81386 
160 121 0 1 0 0 4.81949 
160 111 0 0 0 0 5.20129 
160 115 0 1 0 0 5.25492 
160 47 0 1 0 0 5.32754 
160 41 0 1 0 0 5.80085 
160 54 0 0 0 0 6.0026 
160 138 0 1 0 0 6.14009 
160 60 0 0 0 0 6.36959 
160 96 0 0 0 0 6.62429 
160 147 0 0 0 0 6.66365 
131 161 1 1 0 0 3 
161 120 0 1 0 0 5.57551 
161 37 0 1 0 0 5.62233 
161 100 0 0 0 0 5.68805 
161 64 0 1 0 0 5.73819 
161 59 0 1 0 0 6.21788 
161 141 0 1 0 0 6.65062 
161 80 0 1 0 0 7.12489 
161 32 0 0 0 0 7.2889 
161 9 0 0 0 0 7.42228 
161 107 0 1 0 0 7.51629 
161 18 0 0 0 0 7.67041 
161 34 0 0 0 0 7.85672 
161 36 0 0 0 0 8.11499 
161 148 0 1 0 0 8.15979 
161 13 0 0 0 0 8.36609 
161 85 0 1 0 0 8.40512 
0 162 1 1 0 0 1.29741 
162 1 0 1 0 0 4.01979 
162 99 0 1 0 0 4.45137 
162 79 0 1 0 0 4.7441 
162 6 0 1 0 0 4.92702 
162 2 0 1 0 0 5.95952 
162 152 0 1 0 0 6.23118 
162 63 0 1 0 0 6.28022 
162 101 0 1 0 0 7.43763 
162 24 0 1 0 0 7.44134 
162 86 0 1 0 0 7.59278 
162 3 0 1 0 0 7.94889 
162 25 0 1 0 0 8.47186 
162 22 0 1 0 0 8.59834 
162 8 0 1 0 0 8.67241 
162 65 0 0 0 0 8.88268 
162 15 0 1 0 0 8.94366 
73 163 1 1 0 0 3 
163 144 0 1 0 0 4.77936 
163 75 0 0 0 0 5.53137 
163 133 0 1 0 0 5.5869 
163 5 0 0 0 0 5.67349 
163 25 0 1 0 0 5.93353 
163 65 0 1 0 0 5.97005 
163 103 0 0 0 0 6.02695 
163 13 0 0 0 0 6.18238 
163 90 0 1 0 0 6.27473 
163 11 0 0 0 0 6.28306 
163 140 0 0 0 0 6.4544 
163 88 0 1 0 0 6.74745 
163 7 0 0 0 0 7.03432 
163 8 0 0 0 0 7.06225 
163 4 0 1 0 0 7.08359 
163 101 0 1 0 0 7.18715 
80 164 1 1 0 0 3 
164 37 0 1 0 0 3.56854 
164 100 0 1 0 0 5.30587 
164 59 0 1 0 0 5.33076 
164 119 0 1 0 0 5.66271 
164 112 0 1 0 0 5.81164 
164 131 0 1 0 0 5.82424 
164 104 0 0 0 0 6.00248 
164 36 0 1 0 0 6.13171 
164 145 0 1 0 0 6.392 
164 161 0 1 0 0 6.555 
164 56 0 1 0 0 6.69709 
164 34 0 1 0 0 6.9232 
164 157 0 1 0 0 7.03411 
164 31 0 0 0 0 7.27652 
164 64 0 1 0 0 7.3143 
164 158 0 1 0 0 7.49844 
116 165 1 1 0 0 2.41027 
165 95 0 1 0 0 2.75495 
165 136 0 1 0 0 3.2602 
165 16 0 1 0 0 3.43734 
165 43 0 1 0 0 3.52086 
165 146 0 1 0 0 3.76041 
165 148 0 1 0 0 3.94773 
165 19 0 1 0 0 4.01344 
165 13 0 0 0 0 4.07135 
165 141 0 1 0 0 4.1123 
165 42 0 1 0 0 4.37313 
165 113 0 1 0 0 4.66199 
165 67 0 1 0 0 4.67932 
165 103 0 1 0 0 4.76791 
165 132 0 0 0 0 4.77146 
165 7 0 0 0 0 4.78354 
165 51 0 1 0 0 4.79941 
163 166 1 1 0 0 3 
166 144 0 1 0 0 4.4686 
166 133 0 1 0 0 4.49412 
166 73 0 1 0 0 4.5044 
166 90 0 1 0 0 4.81714 
166 13 0 0 0 0 5.17736 
166 75 0 0 0 0 6.22786 
166 146 0 1 0 0 6.60913 
166 51 0 1 0 0 6.72321 
166 103 0 0 0 0 6.81603 
166 5 0 0 0 0 6.88744 
166 140 0 0 0 0 7.11222 
166 7 0 0 0 0 7.12264 
166 65 0 1 0 0 7.18087 
166 95 0 0 0 0 7.21414 
166 88 0 1 0 0 7.46777 
166 9 0 0 0 0 7.55865 
158 167 1 1 0 0 3 
167 104 0 1 0 0 5.37236 
167 126 0 0 0 0 6.43471 
167 40 0 0 0 0 6.96046 
167 157 0 1 0 0 6.98891 
167 124 0 1 0 0 7.43782 
167 137 0 1 0 0 7.66768 
167 109 0 0 0 0 7.93273 
167 97 0 1 0 0 8.16929 
167 96 0 1 0 0 8.24766 
167 164 0 1 0 0 8.43967 
167 80 0 1 0 0 8.45095 
167 92 0 0 0 0 8.49186 
167 98 0 1 0 0 8.56276 
167 112 0 0 0 0 8.75481 
167 35 0 0 0 0 8.85013 
167 56 0 1 0 0 9.35611 
20 168 1 1 0 0 1.62296 
168 38 0 1 0 0 1.9825 
168 85 0 1 0 0 2.88506 
168 10 0 0 0 0 3.26026 
168 23 0 0 0 0 3.44903 
168 135 0 0 0 0 3.60585 
168 27 0 0 0 0 3.84035 
168 127 0 0 0 0 3.9879 
168 125 0 0 0 0 4.06249 
168 72 0 0 0 0 4.18381 
168 74 0 0 0 0 4.45058 
168 44 0 0 0 0 4.62124 
168 7 0 1 0 0 4.81775 
168 140 0 0 0 0 4.8628 
168 70 0 1 0 0 4.97745 
168 53 0 1 0 0 5.13692 
168 130 0 1 0 0 5.221 
167 169 1 1 0 0 3 
169 124 0 1 0 0 4.63451 
169 158 0 1 0 0 4.74875 
169 137 0 1 0 0 5.10391 
169 98 0 1 0 0 5.67711 
169 109 0 1 0 0 5.88356 
169 96 0 1 0 0 6.01342 
169 157 0 1 0 0 6.1471 
169 92 0 0 0 0 6.2421 
169 104 0 0 0 0 6.35348 
169 126 0 0 0 0 6.3745 
169 40 0 0 0 0 6.70318 
169 35 0 0 0 0 7.68048 
169 97 0 0 0 0 7.90724 
169 145 0 1 0 0 8.50822 
169 112 0 0 0 0 8.55884 
169 91 0 0 0 0 8.67127 
83 170 1 1 0 0 1.61192 
170 130 0 1 0 0 1.93978 
170 55 0 1 0 0 2.42362 
170 142 0 1 0 0 2.78539 
170 27 0 1 0 0 3.17578 
170 23 0 1 0 0 3.5915 
170 150 0 1 0 0 4.25079 
170 29 0 1 0 0 4.31637 
170 28 0 1 0 0 4.51651 
170 139 0 1 0 0 4.88978 
170 122 0 1 0 0 4.89239 
170 140 0 1 0 0 4.8947 
170 168 0 1 0 0 4.91476 
170 151 0 1 0 0 5.0228 
170 5 0 1 0 0 5.03325 
170 4 0 1 0 0 5.06613 
170 127 0 1 0 0 5.11623 
76 171 1 1 0 0 2.5019 
171 62 0 0 0 0 2.55374 
171 50 0 1 0 0 3.23532 
171 52 0 1 0 0 3.35592 
171 49 0 0 0 0 3.89532 
171 123 0 1 0 0 4.05427 
171 93 0 1 0 0 4.27988 
171 54 0 0 0 0 5.22418 
171 78 0 1 0 0 5.4084 
171 57 0 1 0 0 5.75756 
171 138 0 1 0 0 5.89355 
171 117 0 1 0 0 6.16436 
171 47 0 1 0 0 6.67484 
171 60 0 1 0 0 6.70353 
171 89 0 0 0 0 6.75117 
171 102 0 1 0 0 7.13626 
171 147 0 0 0 0 7.22304 
9 172 1 1 0 0 1.27778 
172 32 0 1 0 0 2.10297 
172 7 0 0 0 0 3.4203 
172 18 0 1 0 0 3.52794 
172 85 0 0 0 0 3.70411 
172 10 0 1 0 0 3.7959 
172 127 0 0 0 0 3.94706 
172 139 0 1 0 0 4.35843 
172 140 0 0 0 0 4.45429 
172 23 0 0 0 0 5.03706 
172 135 0 1 0 0 5.17157 
172 13 0 0 0 0 5.25387 
172 39 0 0 0 0 5.63277 
172 5 0 0 0 0 5.73271 
172 100 0 0 0 0 5.74263 
172 144 0 0 0 0 5.75303 
172 34 0 0 0 0 5.77293 
163 173 1 1 0 0 3 
173 73 0 1 0 0 3.32331 
173 166 0 1 0 0 4.19316 
173 88 0 1 0 0 5.22121 
173 65 0 1 0 0 5.70266 
173 133 0 1 0 0 6.40988 
173 86 0 1 0 0 7.24479 
173 63 0 1 0 0 7.3619 
173 144 0 1 0 0 7.43685 
173 90 0 1 0 0 7.73796 
173 25 0 1 0 0 7.91736 
173 75 0 0 0 0 8.14952 
173 5 0 0 0 0 8.62737 
173 11 0 0 0 0 8.66754 
173 101 0 1 0 0 8.6939 
173 103 0 0 0 0 8.79043 
173 13 0 0 0 0 8.87202 
22 174 1 1 0 0 3 
174 17 0 1 0 0 3.74707 
174 24 0 1 0 0 4.21432 
174 6 0 1 0 0 6.04607 
174 8 0 1 0 0 6.50405 
174 15 0 1 0 0 6.54367 
174 1 0 1 0 0 6.61136 
174 65 0 0 0 0 6.66499 
174 79 0 1 0 0 7.26641 
174 51 0 1 0 0 7.30323 
174 12 0 1 0 0 7.37434 
174 2 0 1 0 0 7.38558 
174 133 0 1 0 0 7.45994 
174 90 0 1 0 0 7.50285 
174 63 0 0 0 0 7.56216 
174 42 0 1 0 0 7.81895 
174 88 0 0 0 0 8.48177 
93 175 1 1 0 0 3 
175 76 0 1 0 0 4.90723 
175 171 0 1 0 0 6.017 
175 57 0 1 0 0 6.32609 
175 78 0 1 0 0 6.3656 
175 52 0 1 0 0 6.50781 
175 102 0 1 0 0 6.90878 
175 50 0 1 0 0 6.91326 
175 153 0 1 0 0 7.75899 
175 105 0 1 0 0 7.97598 
175 123 0 1 0 0 8.1261 
175 62 0 0 0 0 8.26396 
175 89 0 1 0 0 8.322 
175 108 0 1 0 0 8.74702 
175 49 0 0 0 0 8.97808 
175 138 0 0 0 0 9.29668 
175 117 0 1 0 0 9.43206 
161 176 1 1 0 0 3 
176 131 0 1 0 0 5.33833 
176 37 0 0 0 0 5.99432 
176 100 0 0 0 0 6.23285 
176 164 0 1 0 0 6.56136 
176 18 0 0 0 0 6.82291 
176 80 0 0 0 0 6.83786 
176 172 0 0 0 0 7.03469 
176 9 0 0 0 0 7.24237 
176 46 0 1 0 0 7.25098 
176 59 0 0 0 0 7.31194 
176 64 0 1 0 0 7.70832 
176 34 0 0 0 0 7.8425 
176 32 0 0 0 0 7.93436 
176 58 0 1 0 0 7.93908 
176 141 0 1 0 0 7.964 
176 112 0 0 0 0 7.97711 
44 177 1 1 0 0 2.06544 
177 61 0 1 0 0 2.18019 
177 68 0 1 0 0 2.91966 
177 125 0 1 0 0 2.96434 
177 118 0 1 0 0 4.03859 
177 81 0 1 0 0 4.57946 
177 38 0 0 0 0 4.64107 
177 107 0 1 0 0 4.93079 
177 120 0 1 0 0 5.0989 
177 20 0 0 0 0 5.16969 
177 114 0 1 0 0 5.20839 
177 135 0 0 0 0 5.34003 
177 85 0 0 0 0 5.58629 
177 72 0 1 0 0 5.74656 
177 168 0 0 0 0 5.86881 
177 10 0 0 0 0 6.05848 
177 67 0 0 0 0 6.13298 
32 178 1 1 0 0 3 
178 131 0 0 0 0 4.27136 
178 172 0 1 0 0 4.41212 
178 161 0 1 0 0 4.49618 
178 9 0 1 0 0 4.75292 
178 64 0 0 0 0 4.77782 
178 141 0 1 0 0 4.81475 
178 135 0 0 0 0 4.83218 
178 10 0 0 0 0 4.93985 
178 127 0 0 0 0 4.9943 
178 13 0 0 0 0 5.21275 
178 120 0 0 0 0 5.39269 
178 59 0 0 0 0 5.4351 
178 85 0 1 0 0 5.46737 
178 7 0 1 0 0 5.52399 
178 100 0 0 0 0 5.78092 
178 18 0 0 0 0 5.96247 
23 179 1 1 0 0 1.74406 
179 127 0 1 0 0 1.75686 
179 10 0 1 0 0 1.98846 
179 27 0 1 0 0 2.14102 
179 85 0 1 0 0 2.46134 
179 168 0 0 0 0 2.76877 
179 20 0 1 0 0 2.98689 
179 135 0 1 0 0 3.10485 
179 140 0 1 0 0 3.37548 
179 7 0 1 0 0 3.38457 
179 170 0 1 0 0 3.60489 
179 32 0 1 0 0 3.83276 
179 139 0 1 0 0 3.88953 
179 39 0 1 0 0 4.3132 
179 38 0 1 0 0 4.32078 
179 130 0 0 0 0 4.63803 
179 172 0 0 0 0 4.65156 
96 180 1 1 0 0 2.49758 
180 98 0 1 0 0 4.36204 
180 109 0 0 0 0 4.70223 
180 92 0 0 0 0 4.77848 
180 77 0 0 0 0 4.90185 
180 143 0 1 0 0 5.24599 
180 111 0 0 0 0 5.94261 
180 66 0 0 0 0 6.34234 
180 91 0 0 0 0 6.54234 
180 160 0 0 0 0 6.91717 
180 124 0 1 0 0 6.93167 
180 137 0 1 0 0 7.55218 
180 69 0 0 0 0 7.58928 
180 169 0 1 0 0 7.98827 
180 121 0 0 0 0 8.3265 
180 147 0 0 0 0 8.57852 
180 115 0 0 0 0 8.75271 
35 181 1 1 0 0 2.78865 
181 33 0 0 0 0 4.04821 
181 41 0 1 0 0 4.7343 
181 121 0 1 0 0 5.26081 
181 40 0 1 0 0 5.40331 
181 126 0 1 0 0 5.66591 
181 46 0 0 0 0 5.75217 
181 97 0 0 0 0 6.14769 
181 145 0 0 0 0 6.175 
181 112 0 0 0 0 6.21244 
181 31 0 0 0 0 6.2607 
181 157 0 1 0 0 6.42751 
181 91 0 1 0 0 6.48317 
181 69 0 1 0 0 6.64052 
181 45 0 0 0 0 6.65716 
181 124 0 1 0 0 6.70083 
181 56 0 0 0 0 6.86585 
91 182 1 1 0 0 3 
182 92 0 1 0 0 4.27178 
182 69 0 1 0 0 4.84309 
182 77 0 1 0 0 5.01881 
182 160 0 1 0 0 5.03896 
182 121 0 1 0 0 5.13241 
182 180 0 0 0 0 5.55065 
182 96 0 1 0 0 5.60965 
182 109 0 1 0 0 6.32836 
182 98 0 1 0 0 6.37674 
182 66 0 1 0 0 7.23557 
182 111 0 1 0 0 7.46199 
182 124 0 1 0 0 7.58229 
182 45 0 0 0 0 7.80373 
182 147 0 0 0 0 8.07074 
182 137 0 1 0 0 8.11027 
182 143 0 0 0 0 8.35469 
141 183 1 1 0 0 1.89749 
183 148 0 1 0 0 2.39238 
183 116 0 1 0 0 3.51525 
183 13 0 0 0 0 3.68944 
183 165 0 1 0 0 4.49544 
183 107 0 1 0 0 4.57086 
183 43 0 1 0 0 4.57986 
183 67 0 1 0 0 4.81282 
183 146 0 1 0 0 5.08442 
183 178 0 1 0 0 5.3775 
183 7 0 1 0 0 5.60355 
183 135 0 1 0 0 5.70259 
183 120 0 1 0 0 5.78952 
183 136 0 1 0 0 5.79486 
183 144 0 1 0 0 5.98586 
183 32 0 1 0 0 6.12244 
183 95 0 0 0 0 6.14525 
183 51 0 1 0 0 6.16938 
66 184 1 1 0 0 1.75228 
184 60 0 0 0 0 1.87182 
184 115 0 1 0 0 2.59825 
184 111 0 1 0 0 2.7122 
184 147 0 1 0 0 2.73944 
184 154 0 1 0 0 2.94295 
184 117 0 1 0 0 3.32705 
184 138 0 0 0 0 3.45791 
184 54 0 0 0 0 3.70208 
184 89 0 0 0 0 3.94334 
184 77 0 0 0 0 4.20711 
184 143 0 1 0 0 4.2759 
184 105 0 1 0 0 5.37461 
184 160 0 0 0 0 6.02304 
184 49 0 0 0 0 6.22288 
184 109 0 0 0 0 6.8074 
184 47 0 0 0 0 7.0066 
184 69 0 0 0 0 7.22934 
62 185 1 1 0 0 3 
185 54 0 1 0 0 3.79616 
185 147 0 1 0 0 4.80395 
185 171 0 1 0 0 5.00743 
185 49 0 1 0 0 5.02055 
185 117 0 1 0 0 5.10679 
185 60 0 1 0 0 6.06099 
185 138 0 1 0 0 6.23488 
185 123 0 0 0 0 6.48971 
185 50 0 0 0 0 6.67034 
185 76 0 0 0 0 6.78661 
185 115 0 0 0 0 6.80223 
185 184 0 1 0 0 6.81183 
185 52 0 0 0 0 7.31598 
185 66 0 0 0 0 7.42481 
185 47 0 0 0 0 7.49065 
185 77 0 1 0 0 7.72555 
185 89 0 0 0 0 7.80733 
97 186 1 1 0 0 2.11553 
186 41 0 1 0 0 4.01268 
186 82 0 1 0 0 4.26208 
186 45 0 1 0 0 5.26886 
186 126 0 1 0 0 5.44442 
186 153 0 1 0 0 5.70273 
186 40 0 1 0 0 5.85009 
186 102 0 1 0 0 5.8511 
186 35 0 0 0 0 5.99253 
186 47 0 1 0 0 5.99771 
186 58 0 1 0 0 6.08116 
186 48 0 1 0 0 6.41766 
186 115 0 1 0 0 6.73851 
186 46 0 1 0 0 6.95614 
186 104 0 0 0 0 7.17763 
186 181 0 0 0 0 7.66856 
186 78 0 1 0 0 7.71439 
186 69 0 1 0 0 7.72576 
131 187 1 1 0 0 2.42364 
187 100 0 1 0 0 2.5702 
187 37 0 1 0 0 2.5866 
187 59 0 1 0 0 3.11989 
187 161 0 1 0 0 3.8184 
187 64 0 1 0 0 3.96228 
187 80 0 1 0 0 4.225 
187 164 0 1 0 0 4.41276 
187 176 0 0 0 0 4.91913 
187 36 0 1 0 0 5.07779 
187 178 0 0 0 0 5.28419 
187 34 0 1 0 0 5.3373 
187 172 0 0 0 0 6.24171 
187 119 0 1 0 0 6.30744 
187 18 0 0 0 0 6.40711 
187 112 0 0 0 0 6.44099 
187 120 0 1 0 0 6.9837 
187 9 0 0 0 0 7.11123 
84 188 1 1 0 0 3 
188 49 0 1 0 0 5.47029 
188 47 0 1 0 0 5.67712 
188 48 0 1 0 0 5.77039 
188 62 0 1 0 0 5.87535 
188 123 0 1 0 0 6.05977 
188 185 0 1 0 0 6.97971 
188 50 0 1 0 0 7.05603 
188 52 0 1 0 0 7.12553 
188 54 0 1 0 0 7.23777 
188 45 0 1 0 0 7.24298 
188 69 0 1 0 0 7.66006 
188 171 0 0 0 0 7.69859 
188 160 0 1 0 0 7.80292 
188 138 0 0 0 0 8.38454 
188 108 0 1 0 0 8.46262 
188 76 0 1 0 0 8.57538 
188 57 0 1 0 0 8.92642 
176 189 1 1 0 0 3 
189 37 0 0 0 0 4.08572 
189 187 0 0 0 0 4.11159 
189 80 0 0 0 0 4.26123 
189 100 0 0 0 0 4.66756 
189 161 0 1 0 0 4.77495 
189 164 0 0 0 0 4.80924 
189 46 0 0 0 0 4.90873 
189 112 0 0 0 0 5.12826 
189 131 0 0 0 0 5.71633 
189 18 0 0 0 0 5.72091 
189 34 0 0 0 0 5.97597 
189 31 0 1 0 0 6.01315 
189 59 0 0 0 0 6.08698 
189 36 0 0 0 0 6.11625 
189 104 0 0 0 0 6.2432 
189 58 0 1 0 0 6.36861 
189 26 0 0 0 0 6.72916 
8 190 1 1 0 0 1.49381 
190 15 0 1 0 0 1.97204 
190 2 0 1 0 0 2.63914 
190 22 0 1 0 0 2.8437 
190 17 0 1 0 0 2.85809 
190 12 0 1 0 0 3.72946 
190 79 0 1 0 0 3.87029 
190 113 0 1 0 0 4.04471 
190 11 0 0 0 0 4.19086 
190 1 0 1 0 0 4.25801 
190 42 0 1 0 0 4.27419 
190 3 0 1 0 0 4.63175 
190 103 0 1 0 0 4.72763 
190 75 0 1 0 0 5.039 
190 152 0 0 0 0 5.32192 
190 4 0 0 0 0 5.43156 
190 174 0 1 0 0 5.44489 
190 14 0 0 0 0 5.46434 
188 191 1 1 0 0 2.36509 
191 84 0 1 0 0 3.01364 
191 49 0 1 0 0 3.10584 
191 47 0 1 0 0 3.89899 
191 62 0 0 0 0 4.02061 
191 48 0 1 0 0 4.89768 
191 50 0 1 0 0 4.95886 
191 54 0 0 0 0 5.10887 
191 123 0 1 0 0 5.25716 
191 185 0 1 0 0 5.50192 
191 52 0 1 0 0 5.65236 
191 171 0 1 0 0 5.67665 
191 45 0 1 0 0 5.97901 
191 138 0 0 0 0 6.32328 
191 76 0 1 0 0 6.48948 
191 69 0 1 0 0 6.77568 
191 160 0 0 0 0 7.00619 
191 78 0 1 0 0 7.15298 
167 192 1 1 0 0 2.70238 
192 158 0 1 0 0 3.90635 
192 169 0 1 0 0 4.48192 
192 104 0 1 0 0 5.14177 
192 157 0 1 0 0 5.85135 
192 164 0 1 0 0 6.11372 
192 80 0 1 0 0 6.39488 
192 126 0 1 0 0 6.63243 
192 40 0 1 0 0 7.10179 
192 112 0 1 0 0 7.37378 
192 56 0 1 0 0 7.79844 
192 37 0 1 0 0 8.08064 
192 145 0 1 0 0 8.17639 
192 124 0 1 0 0 8.19919 
192 137 0 1 0 0 8.23588 
192 189 0 0 0 0 8.47908 
192 119 0 1 0 0 8.95578 
192 35 0 0 0 0 9.19883 
112 193 1 1 0 0 1.7313 
193 145 0 1 0 0 1.95356 
193 56 0 1 0 0 2.82563 
193 33 0 1 0 0 2.94761 
193 31 0 0 0 0 3.18256 
193 157 0 1 0 0 3.43692 
193 119 0 1 0 0 3.77906 
193 80 0 1 0 0 4.2128 
193 40 0 0 0 0 4.5526 
193 46 0 1 0 0 4.88453 
193 35 0 0 0 0 4.92718 
193 36 0 1 0 0 4.98745 
193 126 0 0 0 0 5.14886 
193 181 0 0 0 0 5.44484 
193 34 0 1 0 0 5.55959 
193 37 0 0 0 0 5.70318 
193 104 0 0 0 0 5.7583 
193 26 0 0 0 0 5.83508 
115 194 1 1 0 0 0.791347 
194 60 0 1 0 0 2.1255 
194 138 0 1 0 0 2.82529 
194 184 0 1 0 0 3.27946 
194 66 0 1 0 0 3.39012 
194 147 0 1 0 0 3.85987 
194 54 0 1 0 0 3.94709 
194 89 0 1 0 0 4.1859 
194 105 0 0 0 0 4.60304 
194 111 0 1 0 0 4.99626 
194 117 0 0 0 0 5.06252 
194 49 0 1 0 0 5.1862 
194 47 0 1 0 0 5.18794 
194 160 0 0 0 0 5.52517 
194 154 0 1 0 0 5.58977 
194 77 0 1 0 0 5.60255 
194 45 0 0 0 0 5.76484 
194 50 0 0 0 0 6.31788 
85 195 1 1 0 0 1.37005 
195 10 0 1 0 0 1.46753 
195 135 0 1 0 0 2.25451 
195 125 0 0 0 0 2.51127 
195 127 0 1 0 0 2.52472 
195 32 0 0 0 0 3.1934 
195 20 0 0 0 0 3.27437 
195 179 0 1 0 0 3.27923 
195 168 0 0 0 0 3.77728 
195 172 0 0 0 0 3.80132 
195 7 0 1 0 0 3.8834 
195 23 0 1 0 0 4.03257 
195 38 0 0 0 0 4.06022 
195 178 0 0 0 0 4.36393 
195 9 0 0 0 0 4.51448 
195 44 0 0 0 0 4.62247 
195 141 0 1 0 0 4.85209 
195 27 0 1 0 0 4.88744 
120 196 1 1 0 0 2.57726 
196 125 0 1 0 0 3.76964 
196 177 0 1 0 0 4.02717 
196 107 0 1 0 0 4.1796 
196 195 0 0 0 0 4.25017 
196 44 0 1 0 0 4.39169 
196 178 0 0 0 0 4.51325 
196 64 0 1 0 0 4.75524 
196 131 0 1 0 0 4.91436 
196 61 0 1 0 0 5.02518 
196 141 0 1 0 0 5.04418 
196 85 0 0 0 0 5.13843 
196 135 0 0 0 0 5.21489 
196 10 0 0 0 0 5.67878 
196 161 0 1 0 0 5.90241 
196 116 0 0 0 0 6.04203 
196 38 0 1 0 0 6.14579 
196 68 0 1 0 0 6.17273 
66 197 1 1 0 0 1.81239 
197 111 0 1 0 0 1.94574 
197 77 0 1 0 0 2.82885 
197 184 0 0 0 0 3.45259 
197 147 0 1 0 0 3.67816 
197 143 0 0 0 0 3.79624 
197 194 0 1 0 0 3.96696 
197 115 0 1 0 0 3.98371 
197 60 0 1 0 0 4.38697 
197 109 0 0 0 0 5.1563 
197 160 0 1 0 0 5.15888 
197 92 0 0 0 0 5.62905 
197 96 0 0 0 0 5.79557 
197 54 0 0 0 0 5.82662 
197 180 0 0 0 0 5.84363 
197 154 0 0 0 0 5.90276 
197 138 0 1 0 0 6.17944 
197 91 0 0 0 0 6.23906 
144 198 1 1 0 0 3 
198 5 0 0 0 0 3.19636 
198 140 0 0 0 0 3.21988 
198 7 0 0 0 0 3.3262 
198 9 0 1 0 0 3.73703 
198 75 0 0 0 0 4.02423 
198 13 0 0 0 0 4.24815 
198 172 0 1 0 0 4.27669 
198 103 0 1 0 0 4.49075 
198 95 0 0 0 0 4.75882 
198 163 0 1 0 0 4.87959 
198 32 0 1 0 0 5.29239 
198 166 0 1 0 0 5.59038 
198 165 0 0 0 0 5.84519 
198 14 0 0 0 0 5.9418 
198 18 0 1 0 0 5.98174 
198 4 0 0 0 0 6.0651 
198 10 0 0 0 0 6.11244 
37 199 1 1 0 0 2.05 
199 187 0 1 0 0 2.5848 
199 80 0 1 0 0 2.69893 
199 189 0 0 0 0 2.72624 
199 164 0 1 0 0 3.02097 
199 100 0 1 0 0 3.05295 
199 59 0 1 0 0 3.91208 
199 131 0 1 0 0 4.58007 
199 36 0 1 0 0 4.60816 
199 112 0 0 0 0 4.67509 
199 34 0 0 0 0 4.71101 
199 176 0 0 0 0 4.8818 
199 119 0 1 0 0 4.96686 
199 161 0 0 0 0 5.19241 
199 31 0 0 0 0 5.5506 
199 193 0 0 0 0 5.60658 
199 145 0 1 0 0 5.6513 
199 64 0 1 0 0 5.75395 
144 200 1 1 0 0 1.47363 
200 5 0 1 0 0 2.61786 
200 198 0 0 0 0 2.89974 
200 75 0 0 0 0 3.06735 
200 140 0 1 0 0 3.31872 
200 103 0 0 0 0 3.35393 
200 13 0 1 0 0 3.78763 
200 163 0 1 0 0 3.80193 
200 7 0 1 0 0 3.95453 
200 95 0 1 0 0 4.32003 
200 166 0 0 0 0 4.36983 
200 14 0 1 0 0 4.39965 
200 11 0 0 0 0 4.41965 
200 4 0 1 0 0 4.60438 
200 113 0 1 0 0 4.94574 
200 25 0 0 0 0 5.33082 
200 151 0 1 0 0 5.47143 
200 73 0 1 0 0 5.57773 
86 201 1 1 0 0 3 
201 63 0 1 0 0 4.26218 
201 65 0 1 0 0 6.2467 
201 101 0 1 0 0 6.30937 
201 79 0 0 0 0 6.32132 
201 6 0 1 0 0 6.43681 
201 73 0 1 0 0 7.01345 
201 0 0 1 0 0 7.01472 
201 152 0 1 0 0 7.04192 
201 99 0 1 0 0 7.11277 
201 162 0 1 0 0 7.13916 
201 88 0 1 0 0 7.2255 
201 25 0 1 0 0 7.29927 
201 1 0 1 0 0 7.71422 
201 173 0 1 0 0 7.97299 
201 2 0 1 0 0 8.16773 
201 24 0 0 0 0 8.40107 
201 163 0 1 0 0 8.44863 
122 202 1 1 0 0 2.83948 
202 20 0 1 0 0 2.85564 
202 53 0 1 0 0 3.16177 
202 168 0 1 0 0 3.17347 
202 72 0 1 0 0 3.44103 
202 170 0 1 0 0 3.62924 
202 70 0 1 0 0 3.63993 
202 130 0 1 0 0 3.73029 
202 27 0 1 0 0 3.76283 
202 179 0 0 0 0 3.79974 
202 38 0 1 0 0 4.05427 
202 29 0 1 0 0 4.11794 
202 23 0 1 0 0 4.12702 
202 156 0 1 0 0 4.38608 
202 74 0 1 0 0 4.73173 
202 83 0 1 0 0 4.77912 
202 10 0 1 0 0 4.81387 
202 142 0 1 0 0 5.08755 
37 203 1 1 0 0 0.884916 
203 199 0 1 0 0 1.9059 
203 80 0 1 0 0 2.2279 
203 187 0 1 0 0 2.24905 
203 100 0 1 0 0 2.53327 
203 164 0 1 0 0 3.02178 
203 59 0 1 0 0 3.22605 
203 36 0 1 0 0 3.77159 
203 189 0 0 0 0 4.28689 
203 131 0 1 0 0 4.33051 
203 119 0 1 0 0 4.43717 
203 112 0 0 0 0 4.83147 
203 34 0 1 0 0 4.93235 
203 64 0 1 0 0 5.13259 
203 56 0 1 0 0 5.47786 
203 145 0 1 0 0 5.62792 
203 161 0 1 0 0 5.76838 
203 193 0 0 0 0 6.04678 
105 204 1 1 0 0 3 
204 89 0 1 0 0 4.11552 
204 115 0 1 0 0 4.54825 
204 60 0 1 0 0 4.60467 
204 194 0 1 0 0 4.63444 
204 184 0 1 0 0 5.00735 
204 153 0 1 0 0 5.45935 
204 66 0 1 0 0 5.50565 
204 154 0 1 0 0 5.51082 
204 138 0 1 0 0 5.69739 
204 197 0 1 0 0 6.38726 
204 111 0 0 0 0 6.5248 
204 117 0 1 0 0 6.62089 
204 143 0 0 0 0 6.94799 
204 147 0 1 0 0 6.97302 
204 186 0 1 0 0 7.32544 
204 54 0 1 0 0 7.51999 
204 97 0 1 0 0 7.55206 
15 205 1 1 0 0 2.13913 
205 12 0 1 0 0 2.40088 
205 71 0 1 0 0 2.6066 
205 113 0 1 0 0 2.70886 
205 42 0 1 0 0 3.05021 
205 30 0 1 0 0 3.20632 
205 8 0 1 0 0 3.35749 
205 3 0 1 0 0 3.38254 
205 14 0 1 0 0 3.47161 
205 11 0 1 0 0 3.67945 
205 190 0 1 0 0 3.76998 
205 2 0 1 0 0 4.11928 
205 134 0 1 0 0 4.14357 
205 4 0 0 0 0 4.18136 
205 103 0 0 0 0 4.40819 
205 151 0 0 0 0 4.74041 
205 29 0 1 0 0 4.92331 
205 74 0 1 0 0 4.96257 
50 206 1 1 0 0 2.56873 
206 62 0 0 0 0 2.62475 
206 49 0 1 0 0 2.69759 
206 171 0 1 0 0 2.84799 
206 52 0 1 0 0 3.21083 
206 191 0 1 0 0 3.29603 
206 123 0 1 0 0 4.01383 
206 76 0 1 0 0 4.34393 
206 84 0 1 0 0 4.76912 
206 47 0 1 0 0 4.79097 
206 54 0 1 0 0 5.21956 
206 185 0 0 0 0 5.2587 
206 78 0 1 0 0 5.28396 
206 188 0 1 0 0 5.35252 
206 57 0 1 0 0 5.64029 
206 48 0 1 0 0 5.8109 
206 138 0 0 0 0 6.21731 
206 194 0 0 0 0 6.6112 
121 207 1 1 0 0 2.78539 
207 69 0 1 0 0 2.82801 
207 91 0 1 0 0 3.75523 
207 45 0 1 0 0 4.16338 
207 160 0 1 0 0 4.16699 
207 41 0 1 0 0 5.55125 
207 182 0 1 0 0 5.98744 
207 47 0 1 0 0 6.10522 
207 181 0 1 0 0 6.23866 
207 92 0 1 0 0 6.4969 
207 48 0 1 0 0 6.54165 
207 84 0 1 0 0 6.60695 
207 35 0 0 0 0 6.78758 
207 188 0 1 0 0 7.00604 
207 109 0 1 0 0 7.04314 
207 191 0 1 0 0 7.09418 
207 77 0 1 0 0 7.24265 
207 97 0 0 0 0 8.10883 
204 208 1 1 0 0 2.97715 
208 143 0 1 0 0 4.54123 
208 184 0 0 0 0 4.58185 
208 66 0 1 0 0 4.65304 
208 197 0 1 0 0 4.95543 
208 111 0 0 0 0 5.056 
208 60 0 1 0 0 5.17887 
208 115 0 1 0 0 5.22441 
208 154 0 1 0 0 5.23305 
208 105 0 1 0 0 5.25643 
208 194 0 1 0 0 5.32098 
208 89 0 1 0 0 5.8931 
208 147 0 0 0 0 6.39745 
208 138 0 1 0 0 6.91227 
208 117 0 1 0 0 7.00075 
208 77 0 1 0 0 7.08641 
208 109 0 0 0 0 7.17731 
208 96 0 1 0 0 7.98883 
