1 51 0.84 4 51 0 0.1275 0 0 0 0 0 0 
6 61 0.947571 1.31072 58 0.17987 0.145 0 0 0 0 0 10 
7 61 0.958057 1.04858 59 0.45974 0.1475 0 0 0 0 0 15 
8 69 0.966446 0.838861 67 0.395363 0.1675 0 0 0 0 0 21 
9 71 0.973156 0.671089 71 0.631679 0.1775 0 0 0 0 0 27 
10 78 0.978525 0.536871 78 0.705793 0.195 0 0 0 0 0 39 
13 83 0.989005 0.274878 83 0.959474 0.2075 0 0 0 1 1 68 
15 91 0.992963 0.175922 91 1.07424 0.2275 0 0 0 3 3 87 
20 101 0.997694 0.0576461 101 1.03585 0.2525 0 0 0 12 12 131 
22 105 0.998524 0.0368935 105 1.16354 0.2625 0 0 0 26 26 154 
25 108 0.999244 0.0188895 108 1.24452 0.27 0 0 0 47 47 185 
26 109 0.999395 0.0151116 109 1.30847 0.2725 0 0 0 88 88 198 
29 110 0.99969 0.00773713 110 1.36707 0.275 0 0 0 122 122 227 
31 111 0.999802 0.00495176 111 1.46707 0.2775 0 0 0 194 194 247 
33 112 0.999873 0.00316913 112 1.71615 0.28 0 0 0 285 285 271 
