0 1.82342 -0.675292 0.188102 -0.638557 -1.94554 
1 1.76673 -0.637833 0.190851 -0.681481 -1.8861 
2 1.78161 -0.665003 0.119085 -0.584094 -1.96597 
3 1.71686 -0.694199 0.249433 -0.661353 -1.86376 
4 1.71928 -0.688551 0.0629842 -0.542736 -1.93946 
5 1.74701 -0.704857 0.318638 -0.596646 -1.86281 
6 1.77591 -0.569106 0.162228 -0.656465 -1.82489 
7 1.78933 -0.510351 0.18306 -0.579551 -1.82064 
8 1.7218 -0.743704 0.016488 -0.515412 -1.87587 
9 1.80774 -0.471465 0.236358 -0.608402 -1.75374 
10 1.71576 -0.734604 0.362267 -0.632764 -1.79259 
11 1.70376 -0.749235 -0.061938 -0.456322 -1.87722 
12 1.83759 -0.420247 0.30024 -0.650473 -1.77894 
13 1.78341 -0.578643 0.11572 -0.691376 -1.74444 
14 1.8015 -0.380076 0.34847 -0.585732 -1.75513 
15 1.74173 -0.732594 0.358618 -0.50983 -1.87102 
16 1.72509 -0.528627 0.0722585 -0.692082 -1.69746 
17 1.66076 -0.483474 0.0314674 -0.698504 -1.65144 
18 1.74646 -0.778729 0.419919 -0.634357 -1.73108 
19 1.78826 -0.314103 0.391382 -0.56299 -1.69934 
20 1.73759 -0.23129 0.392748 -0.581605 -1.71438 
21 1.6951 -0.182083 0.427229 -0.514018 -1.71042 
22 1.68472 -0.40997 -0.00863409 -0.747066 -1.64391 
23 1.69208 -0.31873 -0.0419767 -0.752103 -1.62191 
24 1.72186 -0.107253 0.484926 -0.528105 -1.72294 
25 1.71013 -0.0785394 0.488018 -0.502068 -1.63156 
26 1.63876 -0.293733 -0.032737 -0.789076 -1.55063 
27 1.66149 -0.0175728 0.439492 -0.462772 -1.63586 
28 1.67077 -0.0466763 0.536469 -0.551048 -1.5797 
29 1.74012 -0.768588 -0.146375 -0.449088 -1.84373 
30 1.65692 -0.0325379 0.584721 -0.629327 -1.54576 
31 1.72243 -0.818679 0.489814 -0.644475 -1.6778 
32 1.69854 -0.725255 -0.215268 -0.421428 -1.87343 
