0 1 1 1 0 0 0.1 
0 2 1 1 0 0 0.1 
2 1 0 1 0 0 0.148232 
1 3 1 1 0 0 0.1 
3 0 0 1 0 0 0.150601 
3 2 0 1 0 0 0.196087 
2 4 1 1 0 0 0.1 
4 0 0 1 0 0 0.189453 
4 1 0 1 0 0 0.208015 
4 3 0 1 0 0 0.233667 
3 5 1 1 0 0 0.1 
5 1 0 1 0 0 0.170147 
5 0 0 1 0 0 0.17987 
5 2 0 1 0 0 0.231098 
5 4 0 1 0 0 0.274181 
1 6 1 1 0 0 0.1 
6 3 0 1 0 0 0.168153 
6 0 0 1 0 0 0.17053 
6 2 0 1 0 0 0.190345 
6 5 0 1 0 0 0.220781 
6 4 0 1 0 0 0.231048 
6 7 1 1 0 0 0.1 
7 1 0 1 0 0 0.177476 
7 0 0 1 0 0 0.217887 
7 2 0 1 0 0 0.221832 
7 3 0 1 0 0 0.228054 
7 5 0 1 0 0 0.245103 
7 4 0 1 0 0 0.257978 
4 8 1 1 0 0 0.1 
8 2 0 1 0 0 0.182024 
8 0 0 1 0 0 0.253923 
8 1 0 1 0 0 0.267047 
8 6 0 1 0 0 0.277756 
8 3 0 1 0 0 0.279614 
8 7 0 1 0 0 0.306472 
8 5 0 1 0 0 0.316559 
7 9 1 1 0 0 0.1 
9 6 0 1 0 0 0.153017 
9 1 0 1 0 0 0.233005 
9 3 0 1 0 0 0.270093 
9 5 0 1 0 0 0.277424 
9 0 0 1 0 0 0.286038 
9 2 0 1 0 0 0.312288 
9 4 0 1 0 0 0.35187 
5 10 1 1 0 0 0.1 
10 3 0 1 0 0 0.142296 
10 1 0 1 0 0 0.229049 
10 0 0 1 0 0 0.26243 
10 6 0 1 0 0 0.269496 
10 7 0 1 0 0 0.302384 
10 9 0 1 0 0 0.309288 
10 2 0 1 0 0 0.317405 
8 11 1 1 0 0 0.1 
11 4 0 1 0 0 0.175699 
11 2 0 1 0 0 0.264816 
11 0 0 1 0 0 0.346675 
11 6 0 1 0 0 0.361522 
11 1 0 1 0 0 0.362013 
11 3 0 1 0 0 0.377321 
11 7 0 1 0 0 0.377887 
11 5 0 1 0 0 0.410582 
9 12 1 1 0 0 0.1 
12 7 0 1 0 0 0.175919 
12 6 0 1 0 0 0.217157 
12 1 0 1 0 0 0.277083 
12 5 0 1 0 0 0.315398 
12 3 0 1 0 0 0.315467 
12 0 0 1 0 0 0.325149 
12 10 0 1 0 0 0.343525 
12 2 0 1 0 0 0.36775 
6 13 1 1 0 0 0.1 
13 7 0 1 0 0 0.165965 
13 1 0 1 0 0 0.17202 
13 9 0 1 0 0 0.183313 
13 3 0 1 0 0 0.225389 
13 0 0 1 0 0 0.243744 
13 12 0 1 0 0 0.254823 
13 2 0 1 0 0 0.260872 
13 4 0 1 0 0 0.281241 
12 14 1 1 0 0 0.1 
14 9 0 1 0 0 0.146546 
14 7 0 1 0 0 0.220929 
14 6 0 1 0 0 0.284503 
14 13 0 1 0 0 0.324351 
14 1 0 1 0 0 0.344691 
14 5 0 1 0 0 0.347929 
14 3 0 1 0 0 0.364918 
14 10 0 1 0 0 0.36993 
5 15 1 1 0 0 0.1 
15 10 0 1 0 0 0.148174 
15 3 0 1 0 0 0.192421 
15 0 0 1 0 0 0.247298 
15 1 0 1 0 0 0.259696 
15 2 0 1 0 0 0.279402 
15 7 0 1 0 0 0.299796 
15 6 0 1 0 0 0.30016 
15 4 0 1 0 0 0.309208 
15 9 0 1 0 0 0.333113 
13 16 1 1 0 0 0.1 
16 6 0 1 0 0 0.172691 
16 7 0 1 0 0 0.211128 
16 9 0 1 0 0 0.217249 
16 1 0 1 0 0 0.251838 
16 12 0 1 0 0 0.291114 
16 3 0 1 0 0 0.295761 
16 4 0 1 0 0 0.326439 
16 2 0 1 0 0 0.328244 
16 0 0 1 0 0 0.330165 
16 17 1 1 0 0 0.1 
17 13 0 1 0 0 0.199749 
17 6 0 1 0 0 0.263707 
17 9 0 1 0 0 0.286899 
17 7 0 1 0 0 0.288118 
17 1 0 1 0 0 0.340315 
17 12 0 1 0 0 0.355059 
17 3 0 1 0 0 0.376195 
17 4 0 1 0 0 0.392035 
17 14 0 1 0 0 0.393015 
10 18 1 1 0 0 0.1 
18 5 0 1 0 0 0.185715 
18 15 0 1 0 0 0.202481 
18 3 0 1 0 0 0.235418 
18 1 0 1 0 0 0.314623 
18 0 0 1 0 0 0.341135 
18 6 0 1 0 0 0.347135 
18 9 0 1 0 0 0.364758 
18 13 0 1 0 0 0.37063 
18 7 0 1 0 0 0.375489 
14 19 1 1 0 0 0.1 
19 12 0 1 0 0 0.189728 
19 9 0 1 0 0 0.232802 
19 7 0 1 0 0 0.311291 
19 6 0 1 0 0 0.377083 
19 13 0 1 0 0 0.405601 
19 16 0 1 0 0 0.410511 
19 5 0 1 0 0 0.433057 
19 1 0 1 0 0 0.440907 
19 17 0 1 0 0 0.441746 
19 20 1 1 0 0 0.1 
20 14 0 1 0 0 0.172802 
20 12 0 1 0 0 0.251342 
20 9 0 1 0 0 0.298881 
20 7 0 1 0 0 0.368534 
20 6 0 1 0 0 0.431907 
20 16 0 1 0 0 0.45141 
20 13 0 1 0 0 0.460925 
20 17 0 1 0 0 0.46653 
20 1 0 1 0 0 0.496339 
20 21 1 1 0 0 0.1 
21 19 0 1 0 0 0.172961 
21 14 0 1 0 0 0.252724 
21 12 0 1 0 0 0.341273 
21 9 0 1 0 0 0.379009 
21 7 0 1 0 0 0.438979 
21 6 0 1 0 0 0.50984 
21 16 0 1 0 0 0.528083 
21 17 0 1 0 0 0.534936 
21 13 0 1 0 0 0.542873 
21 5 0 1 0 0 0.563764 
17 22 1 1 0 0 0.1 
22 16 0 1 0 0 0.167761 
22 13 0 1 0 0 0.258581 
22 6 0 1 0 0 0.322173 
22 9 0 1 0 0 0.332006 
22 7 0 1 0 0 0.342144 
22 12 0 1 0 0 0.382677 
22 1 0 1 0 0 0.401747 
22 14 0 1 0 0 0.424801 
22 3 0 1 0 0 0.451776 
22 4 0 1 0 0 0.461552 
22 23 1 1 0 0 0.1 
23 17 0 1 0 0 0.19303 
23 16 0 1 0 0 0.25982 
23 13 0 1 0 0 0.345641 
23 9 0 1 0 0 0.390135 
23 6 0 1 0 0 0.402196 
23 7 0 1 0 0 0.407538 
23 12 0 1 0 0 0.428461 
23 14 0 1 0 0 0.462184 
23 20 0 1 0 0 0.486131 
23 1 0 1 0 0 0.486203 
21 24 1 1 0 0 0.1 
24 20 0 1 0 0 0.164514 
24 19 0 1 0 0 0.240252 
24 14 0 1 0 0 0.322107 
24 12 0 1 0 0 0.404446 
24 9 0 1 0 0 0.457392 
24 7 0 1 0 0 0.519956 
24 6 0 1 0 0 0.589264 
24 16 0 1 0 0 0.612698 
24 23 0 1 0 0 0.61937 
24 17 0 1 0 0 0.620523 
24 25 1 1 0 0 0.1 
25 21 0 1 0 0 0.144926 
25 20 0 1 0 0 0.215285 
25 19 0 1 0 0 0.281493 
25 14 0 1 0 0 0.375522 
25 12 0 1 0 0 0.460451 
25 9 0 1 0 0 0.503473 
25 7 0 1 0 0 0.572265 
25 23 0 1 0 0 0.633658 
25 6 0 1 0 0 0.642132 
25 17 0 1 0 0 0.643296 
23 26 1 1 0 0 0.1 
26 22 0 1 0 0 0.163307 
26 17 0 1 0 0 0.242844 
26 16 0 1 0 0 0.323446 
26 13 0 1 0 0 0.413817 
26 9 0 1 0 0 0.454368 
26 6 0 1 0 0 0.474818 
26 7 0 1 0 0 0.482668 
26 12 0 1 0 0 0.487592 
26 14 0 1 0 0 0.512278 
26 20 0 1 0 0 0.514355 
25 27 1 1 0 0 0.1 
27 24 0 1 0 0 0.160013 
27 21 0 1 0 0 0.191126 
27 20 0 1 0 0 0.271917 
27 19 0 1 0 0 0.346972 
27 14 0 1 0 0 0.434332 
27 12 0 1 0 0 0.517932 
27 9 0 1 0 0 0.551159 
27 7 0 1 0 0 0.610503 
27 23 0 1 0 0 0.63824 
27 26 0 1 0 0 0.643054 
25 28 1 1 0 0 0.1 
28 27 0 1 0 0 0.145889 
28 24 0 1 0 0 0.173148 
28 21 0 1 0 0 0.222077 
28 20 0 1 0 0 0.279774 
28 19 0 1 0 0 0.347599 
28 14 0 1 0 0 0.442231 
28 12 0 1 0 0 0.522271 
28 9 0 1 0 0 0.568199 
28 7 0 1 0 0 0.642504 
28 26 0 1 0 0 0.666003 
11 29 1 1 0 0 0.1 
29 8 0 1 0 0 0.181414 
29 4 0 1 0 0 0.261925 
29 2 0 1 0 0 0.340718 
29 0 0 1 0 0 0.416872 
29 13 0 1 0 0 0.41858 
29 6 0 1 0 0 0.423876 
29 16 0 1 0 0 0.431336 
29 1 0 1 0 0 0.432815 
29 7 0 1 0 0 0.441803 
29 3 0 1 0 0 0.456286 
29 17 0 1 0 0 0.467333 
28 30 1 1 0 0 0.1 
30 25 0 1 0 0 0.194567 
30 27 0 1 0 0 0.239153 
30 24 0 1 0 0 0.247789 
30 21 0 1 0 0 0.298386 
30 20 0 1 0 0 0.337008 
30 19 0 1 0 0 0.402364 
30 14 0 1 0 0 0.493195 
30 12 0 1 0 0 0.564545 
30 9 0 1 0 0 0.616811 
30 26 0 1 0 0 0.689457 
30 7 0 1 0 0 0.696569 
18 31 1 1 0 0 0.1 
31 10 0 1 0 0 0.191562 
31 5 0 1 0 0 0.281739 
31 15 0 1 0 0 0.283652 
31 3 0 1 0 0 0.328903 
31 1 0 1 0 0 0.41086 
31 0 0 1 0 0 0.439899 
31 6 0 1 0 0 0.440725 
31 9 0 1 0 0 0.446255 
31 13 0 1 0 0 0.455987 
31 12 0 1 0 0 0.467133 
31 7 0 1 0 0 0.467182 
29 32 1 1 0 0 0.1 
32 11 0 1 0 0 0.159199 
32 8 0 1 0 0 0.251855 
32 4 0 1 0 0 0.313491 
32 2 0 1 0 0 0.396669 
32 16 0 1 0 0 0.475668 
32 13 0 1 0 0 0.477243 
32 6 0 1 0 0 0.480074 
32 0 0 1 0 0 0.482849 
32 7 0 1 0 0 0.490798 
32 1 0 1 0 0 0.494988 
32 17 0 1 0 0 0.496804 
