0 1 1 1 0 0 0.003 
1 2 1 1 0 0 0.000999999 
2 0 0 0 82 0 0.00399466 
1 3 1 1 0 0 0.00327704 
3 2 0 0 512 0 0.00333793 
3 0 0 1 1167 0 0.00532253 
3 4 1 1 0 0 0.014 
4 2 0 0 485 0 0.015323 
4 1 0 1 591 0 0.0163177 
4 0 0 0 828 0 0.0193012 
4 5 1 1 0 0 0.019 
5 3 0 1 1037 0 0.0328895 
5 2 0 0 905 0 0.0342191 
5 1 0 0 1235 0 0.0352108 
5 0 0 0 1612 0 0.0381988 
5 6 1 1 0 0 0.000999999 
6 4 0 0 130 0 0.0199894 
6 3 0 0 125 0 0.0338805 
6 2 0 0 114 0 0.0352109 
6 1 0 0 117 0 0.0362029 
6 0 0 0 113 0 0.0391906 
6 7 1 1 0 0 0.001 
7 5 0 1 57 0 0.00199513 
7 4 0 0 126 0 0.0209889 
7 3 0 0 196 0 0.0348771 
7 2 0 0 189 0 0.0362081 
7 1 0 0 1261 0 0.0372 
7 0 0 0 181 0 0.0401879 
7 8 1 1 0 0 0.006 
8 6 0 1 162 0 0.00699487 
8 5 0 1 169 0 0.00799152 
8 4 0 0 407 0 0.0269521 
8 3 0 0 358 0 0.0408376 
8 2 0 0 288 0 0.0421635 
8 1 0 0 259 0 0.0431537 
8 9 1 1 0 0 0.002 
9 7 0 0 88 0 0.00798867 
9 6 0 1 195 0 0.00898365 
9 5 0 1 211 0 0.00998011 
9 4 0 0 320 0 0.0289407 
9 3 0 0 316 0 0.0428179 
9 2 0 0 309 0 0.0441453 
9 1 0 0 367 0 0.0451353 
9 10 1 1 0 0 0.0194795 
10 8 0 1 446 0 0.0214635 
10 7 0 0 272 0 0.027429 
10 6 0 0 267 0 0.0284256 
10 5 0 0 197 0 0.0294156 
10 4 0 0 417 0 0.0483705 
10 3 0 0 133 0 0.0622776 
10 2 0 0 120 0 0.0635857 
10 11 1 1 0 0 0.001 
11 9 0 1 488 0 0.0204661 
11 8 0 1 479 0 0.0224507 
11 7 0 0 189 0 0.028416 
11 6 0 0 154 0 0.0294124 
11 5 0 0 134 0 0.0304023 
11 4 0 0 215 0 0.0493559 
11 3 0 0 353 0 0.0632623 
11 12 1 1 0 0 0.006 
12 10 0 1 102 0 0.00698647 
12 9 0 1 445 0 0.0264242 
12 8 0 1 469 0 0.0284075 
12 7 0 1 543 0 0.0343728 
12 6 0 1 587 0 0.0353694 
12 5 0 0 355 0 0.0363595 
12 4 0 0 703 0 0.0553137 
12 13 1 1 0 0 0.002 
13 11 0 1 127 0 0.0074626 
13 10 0 1 122 0 0.0084447 
13 9 0 1 453 0 0.0278928 
13 8 0 1 473 0 0.0298762 
13 7 0 1 548 0 0.0358401 
13 6 0 1 590 0 0.0368367 
13 5 0 0 396 0 0.0378269 
13 4 0 0 911 0 0.0567803 
13 14 1 1 0 0 0.011 
14 12 0 1 194 0 0.0124733 
14 11 0 1 312 0 0.0184388 
14 10 0 1 284 0 0.0194339 
14 9 0 1 516 0 0.0387759 
14 8 0 1 544 0 0.0407658 
14 7 0 1 664 0 0.0467295 
14 6 0 1 685 0 0.0477244 
14 5 0 0 559 0 0.0487167 
0 15 1 1 0 0 0.000936504 
15 1 0 1 639 0 0.00382077 
15 2 0 0 553 0 0.00481528 
15 3 0 1 1228 0 0.00612617 
15 4 0 1 1287 0 0.0200352 
15 5 0 1 2122 0 0.0389185 
15 6 0 0 2157 0 0.0399113 
15 7 0 1 2209 0 0.0409088 
15 8 0 0 2054 0 0.046857 
14 16 1 1 0 0 0.005 
16 13 0 1 141 0 0.0101636 
16 12 0 1 151 0 0.0116349 
16 11 0 1 225 0 0.0175967 
16 10 0 1 237 0 0.018593 
16 9 0 1 544 0 0.0379349 
16 8 0 1 569 0 0.0399262 
16 7 0 1 662 0 0.0458895 
16 6 0 1 700 0 0.0468845 
5 17 1 1 0 0 0.004 
17 6 0 1 172 0 0.00499551 
17 7 0 1 138 0 0.00553777 
17 8 0 0 69 0 0.00672118 
17 9 0 0 47 0 0.00870926 
17 4 0 1 609 0 0.0203947 
17 10 0 0 30 0 0.0280234 
17 11 0 0 53 0 0.0290141 
17 3 0 1 984 0 0.0343361 
17 18 1 1 0 0 0.011 
18 5 0 1 504 0 0.0149557 
18 6 0 1 518 0 0.0159522 
18 7 0 1 495 0 0.016495 
18 8 0 1 429 0 0.0173077 
18 10 0 0 129 0 0.0184095 
18 9 0 1 425 0 0.0187888 
18 11 0 0 119 0 0.0193913 
18 12 0 0 112 0 0.025384 
18 13 0 0 112 0 0.0268504 
15 19 1 1 0 0 0.001 
19 0 0 0 152 0 0.00190618 
19 1 0 0 225 0 0.00308541 
19 2 0 0 213 0 0.0040795 
19 3 0 1 1154 0 0.00582449 
19 4 0 1 1133 0 0.0193092 
19 5 0 1 1869 0 0.0381901 
19 6 0 0 1853 0 0.039184 
19 17 0 1 1674 0 0.0395968 
19 7 0 1 1857 0 0.0401809 
16 20 1 1 0 0 0.001 
20 14 0 1 82 0 0.00597423 
20 13 0 1 134 0 0.00988707 
20 12 0 1 152 0 0.0113589 
20 11 0 1 233 0 0.0173225 
20 10 0 1 239 0 0.0183186 
20 18 0 0 38 0 0.0366038 
20 9 0 1 533 0 0.0376493 
20 8 0 1 559 0 0.0396405 
20 7 0 1 654 0 0.0456049 
19 21 1 1 0 0 0.001 
21 15 0 0 126 0 0.00198178 
21 0 0 0 133 0 0.00288559 
21 2 0 0 491 0 0.00351295 
21 1 0 0 152 0 0.0035564 
21 3 0 0 166 0 0.00680999 
21 4 0 0 184 0 0.0187497 
21 5 0 0 194 0 0.0376329 
21 6 0 0 194 0 0.0386265 
21 17 0 1 1512 0 0.0390437 
21 22 1 1 0 0 0.001 
22 19 0 1 97 0 0.00199016 
22 15 0 0 96 0 0.00295597 
22 0 0 0 113 0 0.00385226 
22 2 0 0 571 0 0.00446394 
22 1 0 1 599 0 0.00452314 
22 3 0 1 1185 0 0.00777283 
22 4 0 1 1109 0 0.0193858 
22 5 0 1 1732 0 0.0382551 
22 6 0 1 1749 0 0.0392487 
20 23 1 1 0 0 0.001 
23 16 0 1 42 0 0.001993 
23 14 0 1 79 0 0.00696944 
23 13 0 1 144 0 0.0102296 
23 12 0 1 157 0 0.0117011 
23 11 0 1 244 0 0.0176657 
23 10 0 1 249 0 0.0186617 
23 18 0 0 96 0 0.0369432 
23 9 0 0 88 0 0.037984 
23 8 0 0 144 0 0.0399756 
14 24 1 1 0 0 0.003 
24 16 0 0 15 0 0.00779368 
24 20 0 0 14 0 0.00877231 
24 23 0 0 14 0 0.0097678 
24 13 0 1 177 0 0.0139074 
24 12 0 0 74 0 0.0153821 
24 11 0 1 289 0 0.021349 
24 10 0 1 294 0 0.0223438 
24 18 0 0 420 0 0.0407121 
24 9 0 1 540 0 0.0417252 
18 25 1 1 0 0 0.002 
25 17 0 1 481 0 0.012964 
25 5 0 1 556 0 0.0169145 
25 10 0 0 197 0 0.0176826 
25 6 0 1 568 0 0.0179113 
25 7 0 1 543 0 0.018454 
25 11 0 0 202 0 0.0186642 
25 8 0 1 482 0 0.0192694 
25 9 0 1 480 0 0.0207505 
25 12 0 0 186 0 0.0246572 
11 26 1 1 0 0 0.001 
26 10 0 1 32 0 0.00183308 
26 12 0 1 92 0 0.00540416 
26 13 0 1 107 0 0.00686656 
26 20 0 1 220 0 0.0167313 
26 16 0 1 220 0 0.0170052 
26 23 0 1 232 0 0.0170739 
26 14 0 1 259 0 0.0178476 
26 25 0 0 34 0 0.0192593 
26 18 0 0 34 0 0.019986 
26 24 0 1 272 0 0.0207599 
22 27 1 1 0 0 0.00188663 
27 21 0 1 522 0 0.00285291 
27 19 0 1 476 0 0.00384751 
27 15 0 0 361 0 0.0048244 
27 0 0 1 608 0 0.00566595 
27 2 0 1 1049 0 0.00627613 
27 1 0 1 1013 0 0.00633454 
27 3 0 1 1609 0 0.00959411 
27 4 0 1 1493 0 0.0192528 
27 5 0 1 1916 0 0.0381426 
27 6 0 1 1954 0 0.0391378 
13 28 1 1 0 0 0.011 
28 12 0 1 126 0 0.0129828 
28 10 0 1 165 0 0.0152714 
28 11 0 0 33 0 0.0161001 
28 26 0 1 175 0 0.0170893 
28 20 0 1 204 0 0.0182895 
28 16 0 1 200 0 0.0185622 
28 23 0 1 210 0 0.0186287 
28 14 0 1 242 0 0.0194021 
28 9 0 0 45 0 0.0194463 
28 8 0 0 45 0 0.0214374 
26 29 1 1 0 0 0.002 
29 11 0 1 52 0 0.00298357 
29 10 0 1 83 0 0.00382125 
29 12 0 1 129 0 0.00612519 
29 13 0 1 149 0 0.00809886 
29 20 0 1 242 0 0.0153982 
29 16 0 1 214 0 0.0156727 
29 23 0 1 251 0 0.0158768 
29 14 0 1 267 0 0.016518 
29 28 0 0 105 0 0.0190707 
29 24 0 1 284 0 0.0194351 
28 30 1 1 0 0 0.000999998 
30 13 0 1 117 0 0.0119969 
30 12 0 1 159 0 0.0139801 
30 10 0 1 202 0 0.0162681 
30 11 0 1 218 0 0.0170969 
30 20 0 1 187 0 0.0176312 
30 16 0 1 193 0 0.0179035 
30 23 0 1 188 0 0.0179702 
30 26 0 1 226 0 0.0180861 
30 14 0 0 33 0 0.0187439 
30 29 0 1 256 0 0.0200675 
25 31 1 1 0 0 0.003 
31 18 0 1 132 0 0.00498974 
31 17 0 1 544 0 0.0158305 
31 11 0 0 314 0 0.0196642 
31 10 0 0 329 0 0.0197049 
31 5 0 1 611 0 0.0197797 
31 26 0 0 303 0 0.0202636 
31 6 0 1 616 0 0.0207757 
31 7 0 1 605 0 0.0213188 
31 29 0 0 314 0 0.0216074 
31 8 0 1 542 0 0.0221195 
27 32 1 1 0 0 0.025 
32 22 0 0 1182 0 0.0267815 
32 21 0 1 1596 0 0.0277703 
32 19 0 1 1698 0 0.0287524 
32 15 0 1 1815 0 0.0297074 
32 0 0 0 1107 0 0.0305482 
32 2 0 0 1273 0 0.0311672 
32 1 0 0 1364 0 0.0312252 
32 31 0 0 688 0 0.0313181 
32 25 0 0 471 0 0.0326709 
32 3 0 1 1736 0 0.0344221 
32 33 1 1 0 0 0.012 
33 27 0 1 2175 0 0.0367308 
33 22 0 0 238 0 0.0385217 
33 21 0 0 171 0 0.0394921 
33 19 0 0 170 0 0.0404811 
33 15 0 0 171 0 0.0414326 
33 31 0 0 63 0 0.0415207 
33 0 0 0 129 0 0.0422671 
33 2 0 0 75 0 0.0428903 
33 1 0 0 79 0 0.0429514 
33 25 0 0 150 0 0.0444605 
33 34 1 1 0 0 0.003 
34 32 0 1 609 0 0.0148938 
34 27 0 1 2342 0 0.039553 
34 22 0 0 920 0 0.041398 
34 21 0 0 699 0 0.0423641 
34 19 0 0 698 0 0.0433604 
34 15 0 0 724 0 0.0443236 
34 31 0 0 199 0 0.0444429 
34 0 0 0 475 0 0.0451416 
34 2 0 0 365 0 0.0457618 
34 1 0 0 399 0 0.0458219 
30 35 1 1 0 0 0.000999996 
35 28 0 1 38 0 0.00199851 
35 13 0 1 117 0 0.012958 
35 12 0 1 134 0 0.014943 
35 10 0 1 189 0 0.0172286 
35 11 0 1 212 0 0.0180584 
35 20 0 1 197 0 0.0181538 
35 16 0 1 202 0 0.018422 
35 23 0 0 49 0 0.0184935 
35 26 0 1 201 0 0.0190469 
35 14 0 0 31 0 0.0192682 
34 36 1 1 0 0 0.001 
36 33 0 1 213 0 0.00334208 
36 32 0 1 599 0 0.0152197 
36 27 0 1 2330 0 0.0398832 
36 22 0 0 969 0 0.0417168 
36 21 0 0 754 0 0.0426835 
36 19 0 0 758 0 0.0436799 
36 15 0 0 777 0 0.0446429 
36 31 0 0 154 0 0.0447754 
36 0 0 0 535 0 0.045463 
36 2 0 0 415 0 0.046084 
36 1 0 0 449 0 0.0461438 
