1: 0 
3: 0 1 2 
4: 0 3 
5: 0 3 4 
7: 0 1 2 1 3 4 5 6 
11: 0 1 2 1 3 4 5 8 10 
12: 0 1 2 1 3 4 5 8 10 11 
13: 0 1 2 1 3 4 5 8 10 11 12 
14: 0 1 2 1 3 4 5 8 10 11 12 13 
15: 0 1 2 1 3 4 5 8 10 11 12 13 14 
16: 0 15 1 2 1 3 4 5 8 10 11 12 13 14 
17: 0 15 1 2 1 3 4 15 7 8 10 11 12 13 14 16 
18: 0 15 1 2 1 3 4 17 7 6 8 9 10 11 12 13 16 14 
19: 0 15 1 2 1 3 4 17 18 9 10 11 12 13 16 14 
20: 0 1 2 1 3 4 19 15 5 6 5 17 18 9 8 10 11 12 13 16 14 
21: 0 15 19 15 1 2 1 3 4 5 17 18 8 9 10 11 12 13 20 16 14 
22: 0 15 19 21 19 15 1 2 1 3 4 5 17 18 6 8 10 11 12 13 20 16 14 
23: 0 15 19 21 22 1 2 1 3 4 17 18 5 6 8 10 11 12 13 20 16 14 
24: 0 15 19 21 22 1 2 1 3 4 17 18 5 6 9 10 11 12 13 20 23 16 14 
