1 3346 0.84 4 3346 0 0.0675878 39 447 0 0 486 0 
3 3856 0.8976 2.56 3856 0.004 0.0778895 84 1341 82 0 1507 3 
4 4939 0.91808 2.048 4648 0.00532253 0.0938876 107 1788 1249 0 3144 5 
5 5429 0.934464 1.6384 5193 0.0193225 0.104896 123 2235 3180 0 5538 9 
7 5449 0.958057 1.04858 5449 0.042277 0.110067 130 3129 7441 2 10702 20 
11 6338 0.98282 0.429497 6318 0.0707321 0.127621 155 4917 16364 11 21447 51 
12 6912 0.986256 0.343597 6892 0.0717321 0.139215 178 5364 17888 16 23446 58 
13 7194 0.989005 0.274878 7174 0.0777321 0.144912 192 5811 20568 19 26590 65 
14 7348 0.991204 0.219902 7328 0.0797321 0.148022 206 6258 23636 26 30126 73 
15 7827 0.992963 0.175922 7807 0.0907321 0.157698 216 6705 26691 35 33647 81 
16 8255 0.994371 0.140737 8236 0.0924893 0.166364 239 7152 36818 46 44255 89 
17 8454 0.995496 0.11259 8430 0.137442 0.170282 252 7599 43867 96 51814 102 
18 8467 0.996397 0.090072 8464 0.103605 0.170969 255 8046 46538 136 54975 112 
19 9379 0.997118 0.0720576 9365 0.117861 0.189169 265 8493 49381 226 58365 122 
20 9609 0.997694 0.0576461 9608 0.164921 0.194077 284 8940 59511 1556 70291 132 
21 9816 0.998155 0.0461169 9806 0.123709 0.198077 298 9387 62135 2233 74053 142 
22 9966 0.998524 0.0368935 9959 0.131332 0.201168 315 9834 65287 6874 82310 152 
23 10176 0.998819 0.0295148 10169 0.128433 0.205409 332 10281 72538 15147 98298 162 
24 10289 0.999056 0.0236118 10288 0.13043 0.207813 346 10728 73781 49370 134225 172 
