0 0.0284423 0.0177208 0.856917 -0.0768106 -0.248678 0.444919 0.43009 0.260292 -0.781774 0.368918 0.304955 0.132908 0.504589 -0.49455 -0.089642 0.864514 0.319021 0.135458 0.48 0.856917 -0.0768106 -0.248678 0.444919 6.97549e-07 -4.32277e-07 6.07419e-08 1.82319e-05 -4.55583e-05 -0.000119809 0.0284423 0.314 0.147194 0.51 0.43009 0.260292 -0.781774 0.368918 -7.36899e-07 3.77734e-07 -4.59896e-08 -1.82319e-05 4.55583e-05 0.000119809 0.0177208 3.9649e-11
1 0.0321041 0.0200376 0.856679 -0.0881533 -0.240058 0.447998 0.428995 0.254628 -0.778941 0.379972 0.302442 0.131034 0.507024 -0.428958 0.00607066 0.903304 0.319021 0.135458 0.48 0.856679 -0.0881533 -0.240058 0.447998 0.0244338 -0.0169589 0.0121201 1.25307 -1.28558 -4.42392 0.0321041 0.314 0.147194 0.51 0.428995 0.254628 -0.778941 0.379972 -0.0377864 0.0323405 -0.0203721 -1.25307 1.28558 4.42392 0.0200376 1.22291e-07
2 0.0330326 0.0210935 0.860659 -0.0814446 -0.235014 0.444298 0.430321 0.248168 -0.778532 0.383568 0.301638 0.130219 0.507431 -0.430384 0.0175827 0.902475 0.319021 0.135458 0.48 0.860659 -0.0814446 -0.235014 0.444298 0.0289534 -0.022317 0.014305 1.25372 -1.42523 -4.79075 0.0330326 0.314 0.147194 0.51 0.430321 0.248168 -0.778532 0.383568 -0.0424217 0.0358765 -0.0218635 -1.25372 1.42523 4.79075 0.0210935 1.05028e-07
3 0.0376261 0.019102 0.862742 -0.0742096 -0.247307 0.43475 0.418656 0.202274 -0.819891 0.334051 0.299994 0.134821 0.511291 -0.224327 0.368109 0.902315 0.319021 0.135458 0.48 0.862742 -0.0742096 -0.247307 0.43475 0.0298087 -0.0305624 0.0131551 3.46699 -1.64512 -8.96999 0.0376261 0.314 0.147194 0.51 0.418656 0.202274 -0.819891 0.334051 -0.0857286 0.0895381 -0.045585 -3.46699 1.64512 8.96999 0.019102 1.27118e-08
4 0.0547019 0.0298154 0.918641 -0.0783425 -0.165914 0.349906 0.488573 0.201916 -0.810564 0.252015 0.28946 0.136052 0.519595 0.0754631 0.609069 0.789519 0.319021 0.135458 0.48 0.918641 -0.0783425 -0.165914 0.349906 0.0501545 -0.0566485 0.0254885 2.85427 -1.72869 -7.07742 0.0547019 0.314 0.147194 0.51 0.488573 0.201916 -0.810564 0.252015 -0.0813559 0.106744 -0.0503078 -2.85427 1.72869 7.07742 0.0298154 1.77996e-07
5 0.0853733 0.0370082 0.895325 -0.166547 -0.156679 0.382239 0.425525 0.209646 -0.831576 0.288892 0.291474 0.130018 0.527624 0.795621 0.256617 0.548758 0.319021 0.135458 0.48 0.895325 -0.166547 -0.156679 0.382239 0.0120983 -0.0975314 0.0122372 1.3016 0.0568972 -5.15671 0.0853733 0.314 0.147194 0.51 0.425525 0.209646 -0.831576 0.288892 -0.0743254 0.11069 -0.0277987 -1.3016 -0.0568972 5.15671 0.0370082 1.13051e-06
6 0.087361 0.0370077 0.896069 -0.158471 -0.159065 0.382943 0.423267 0.20776 -0.834377 0.285475 0.291013 0.131887 0.528007 0.77986 0.359692 0.512289 0.319021 0.135458 0.48 0.896069 -0.158471 -0.159065 0.382943 0.0238734 -0.0955484 0.0184058 1.34024 -0.259013 -5.03754 0.087361 0.314 0.147194 0.51 0.423267 0.20776 -0.834377 0.285475 -0.0752246 0.110464 -0.0328348 -1.34024 0.259013 5.03754 0.0370077 1.20129e-06
7 0.0889015 0.0374621 0.895826 -0.161158 -0.157109 0.383198 0.420739 0.206918 -0.835012 0.287955 0.291815 0.128686 0.527455 0.824062 0.217835 0.522944 0.319021 0.135458 0.48 0.895826 -0.161158 -0.157109 0.383198 0.00629651 -0.0982847 0.00760554 1.18024 0.276247 -4.89217 0.0889015 0.314 0.147194 0.51 0.420739 0.206918 -0.835012 0.287955 -0.0719995 0.109131 -0.022844 -1.18024 -0.276247 4.89217 0.0374621 1.16232e-06
8 0.0956598 0.0426134 0.886019 -0.150765 -0.192779 0.393797 0.396898 0.235254 -0.853777 0.241231 0.287743 0.127467 0.528869 0.827103 0.206954 0.522562 0.319021 0.135458 0.48 0.886019 -0.150765 -0.192779 0.393797 0.0119432 -0.092023 0.00641722 1.14164 0.216227 -4.16681 0.0956598 0.314 0.147194 0.51 0.396898 0.235254 -0.853777 0.241231 -0.0673325 0.105353 -0.0209013 -1.14164 -0.216227 4.16681 0.0426134 7.29169e-07
9 0.0991377 0.043116 0.881039 -0.151855 -0.201857 0.399956 0.401714 0.226902 -0.852134 0.246998 0.28726 0.128455 0.529679 0.823583 0.270612 0.498479 0.319021 0.135458 0.48 0.881039 -0.151855 -0.201857 0.399956 0.0177856 -0.0894832 0.0102061 1.0997 0.0512925 -3.94371 0.0991377 0.314 0.147194 0.51 0.401714 0.226902 -0.852135 0.246998 -0.0656086 0.102675 -0.0233699 -1.0997 -0.0512925 3.94371 0.043116 9.52604e-07
10 0.114666 0.0662688 0.836415 -0.279266 -0.107596 0.459176 0.4311 0.32154 -0.8299 0.148429 0.256865 0.147694 0.529109 0.48008 0.705028 0.521976 0.319021 0.135458 0.48 0.836415 -0.279266 -0.107596 0.459176 0.0470612 -0.0332507 0.0422126 1.64973 -1.19249 -1.89159 0.114666 0.314 0.147194 0.51 0.4311 0.32154 -0.8299 0.148429 -0.0334866 0.0732457 -0.0555872 -1.64973 1.19249 1.89159 0.0662688 2.75629e-06
11 0.114817 0.0680944 0.835158 -0.279325 -0.120943 0.458107 0.440193 0.325606 -0.823342 0.149397 0.25357 0.147771 0.526591 0.372681 0.800894 0.468697 0.319021 0.135458 0.48 0.835158 -0.279325 -0.120943 0.458107 0.0483071 -0.0240471 0.0422318 1.70987 -1.17505 -1.67539 0.114817 0.314 0.147194 0.51 0.440193 0.325606 -0.823342 0.149397 -0.0327183 0.0669317 -0.0563998 -1.70987 1.17505 1.67539 0.0680944 2.5986e-06
12 0.123909 0.0709448 0.854066 -0.244069 -0.116381 0.444362 0.4274 0.337023 -0.828773 0.129924 0.255817 0.144869 0.535842 0.60891 0.522509 0.596836 0.319021 0.135458 0.48 0.854066 -0.244069 -0.116381 0.444362 0.0379724 -0.0460202 0.034781 1.2917 -0.883185 -1.8936 0.123909 0.314 0.147194 0.51 0.4274 0.337023 -0.828773 0.129924 -0.0337005 0.0752643 -0.0455065 -1.2917 0.883185 1.8936 0.0709448 2.0707e-06
13 0.127365 0.0704338 0.850504 -0.246246 -0.103231 0.453155 0.430764 0.325985 -0.828618 0.146858 0.257503 0.143632 0.537366 0.652881 0.507657 0.562166 0.319021 0.135458 0.48 0.850504 -0.246246 -0.103231 0.453155 0.0384908 -0.0470831 0.0347221 1.22903 -0.844603 -1.89529 0.127365 0.314 0.147194 0.51 0.430764 0.325985 -0.828618 0.146858 -0.0353962 0.0744387 -0.0449058 -1.22903 0.844603 1.89529 0.0704338 1.75255e-06
14 0.139031 0.0805872 0.84154 -0.174867 -0.173684 0.480693 0.512838 0.298101 -0.787514 0.167198 0.25649 0.130333 0.553041 0.686752 0.421801 0.591993 0.319021 0.135458 0.48 0.84154 -0.174867 -0.173684 0.480693 0.0289751 -0.0482717 0.0180878 0.717307 -0.315445 -1.65924 0.139031 0.314 0.147194 0.51 0.512838 0.298101 -0.787514 0.167198 -0.0389849 0.0614607 -0.0249226 -0.717307 0.315445 1.65924 0.0805872 9.38881e-07
15 0.0268471 0.0178226 0.85434 -0.126454 -0.168718 0.475022 0.441354 0.29275 -0.793812 0.298942 0.305267 0.133359 0.502852 -0.545296 -0.17031 0.82076 0.319021 0.135458 0.48 0.85434 -0.126454 -0.168718 0.475022 0.0178553 -0.0213108 0.00524577 -1.26062 -0.472165 0.234549 0.0268471 0.314 0.147194 0.51 0.441354 0.29275 -0.793812 0.298942 -0.000937612 -0.0153302 0.0119197 1.26062 0.472165 -0.234549 0.0178226 2.45044e-07
16 0.14316 0.0747689 0.837819 -0.204588 -0.194556 0.467281 0.526447 0.279983 -0.786587 0.160449 0.25445 0.144739 0.543141 0.653851 0.595138 0.467214 0.319021 0.135458 0.48 0.837819 -0.204588 -0.194556 0.467281 0.0376524 -0.0362232 0.0311097 0.902109 -0.692371 -1.40837 0.14316 0.314 0.147194 0.51 0.526447 0.279983 -0.786587 0.160449 -0.0334101 0.0562157 -0.038221 -0.902109 0.692371 1.40837 0.0747689 6.55175e-07
17 0.0828291 0.0422475 0.875651 -0.246285 -0.0838962 0.406866 0.476419 0.168597 -0.839669 0.198887 0.280873 0.131197 0.525582 0.621211 -0.301078 0.723498 0.319021 0.135458 0.48 0.875651 -0.246285 -0.0838962 0.406866 -0.0252477 -0.0811941 -0.00129836 1.71691 0.292813 -4.54435 0.0828291 0.314 0.147194 0.51 0.476418 0.168597 -0.839669 0.198887 -0.0368702 0.109886 -0.0203217 -1.71691 -0.292813 4.54435 0.0422475 4.70954e-07
18 0.0816629 0.0628023 0.796565 -0.384945 -0.195737 0.42307 0.562701 0.131988 -0.793271 0.19149 0.254279 0.135062 0.520782 -0.22332 0.0644839 0.97261 0.319021 0.135458 0.48 0.796565 -0.384946 -0.195737 0.42307 0.0175614 -0.0435464 0.0259917 0.695118 -0.721482 -1.88378 0.0816629 0.314 0.147194 0.51 0.562701 0.131988 -0.793271 0.19149 -0.0180254 0.0549423 -0.0305276 -0.695118 0.721482 1.88378 0.0628023 1.63105e-07
19 0.0266074 0.0195291 0.850711 -0.132618 -0.150331 0.485904 0.451564 0.276722 -0.783843 0.324199 0.304895 0.131775 0.502028 -0.571273 -0.23014 0.787835 0.319021 0.135458 0.48 0.850711 -0.132618 -0.150331 0.485904 0.0349562 -0.0316168 0.0130704 -1.51942 -1.57151 -0.469362 0.0266074 0.314 0.147194 0.51 0.451564 0.276722 -0.783843 0.324199 0.0066805 -0.0163223 0.0126516 1.51942 1.57151 0.469362 0.0195291 2.53583e-08
20 0.143869 0.0735072 0.842791 -0.189582 -0.194945 0.464498 0.519537 0.288889 -0.785648 0.171411 0.257769 0.140985 0.545077 0.693468 0.553665 0.461039 0.319021 0.135458 0.48 0.842791 -0.189582 -0.194945 0.464498 0.0373187 -0.0404233 0.0288594 0.84956 -0.61461 -1.5064 0.143869 0.314 0.147194 0.51 0.519537 0.288889 -0.785648 0.171411 -0.0365598 0.0583472 -0.0357444 -0.84956 0.61461 1.5064 0.0735072 4.58059e-07
21 0.0261829 0.0210764 0.854411 -0.130475 -0.16008 0.476794 0.45451 0.288087 -0.775125 0.331071 0.304652 0.130461 0.501031 -0.581745 -0.284733 0.761906 0.319021 0.135458 0.48 0.854411 -0.130475 -0.16008 0.476794 0.0435762 -0.0356762 0.0184985 -1.54734 -2.14776 -1.03233 0.0261829 0.314 0.147194 0.51 0.45451 0.288087 -0.775125 0.331071 0.00874105 -0.0159269 0.0104443 1.54734 2.14776 1.03233 0.0210764 2.11807e-11
22 0.0245777 0.0214096 0.857842 -0.149793 -0.177819 0.458312 0.428078 0.295909 -0.789095 0.326367 0.305046 0.130825 0.499371 -0.604024 -0.318118 0.730723 0.319021 0.135458 0.48 0.857842 -0.149793 -0.177819 0.458312 0.0460559 -0.0310861 0.021954 -1.60848 -2.25808 -0.439272 0.0245777 0.314 0.147194 0.51 0.428078 0.295909 -0.789095 0.326367 0.0165311 -0.0193737 0.00826025 1.60848 2.25808 0.439272 0.0214096 8.87876e-08
23 0.1452 0.0728529 0.845224 -0.18219 -0.200392 0.460702 0.520986 0.284562 -0.787264 0.166775 0.259585 0.139585 0.546214 0.734041 0.496172 0.463678 0.319021 0.135458 0.48 0.845224 -0.18219 -0.200392 0.460702 0.0350877 -0.0441956 0.0265721 0.786956 -0.559297 -1.54417 0.1452 0.314 0.147194 0.51 0.520986 0.284562 -0.787264 0.166775 -0.0364315 0.0600518 -0.033 -0.786956 0.559297 1.54417 0.0728529 3.87179e-07
24 0.139228 0.0863014 0.846137 -0.185388 -0.146795 0.477635 0.459251 0.323942 -0.812598 0.154383 0.249812 0.129074 0.551622 0.626798 0.404197 0.666144 0.319021 0.135458 0.48 0.846137 -0.185388 -0.146795 0.477635 0.0276919 -0.0479904 0.018321 0.810651 -0.285126 -1.62057 0.139228 0.314 0.147194 0.51 0.459251 0.323942 -0.812598 0.154383 -0.0381575 0.0641738 -0.0264035 -0.810651 0.285126 1.62057 0.0863014 1.1283e-06
25 0.080397 0.0654954 0.805878 -0.369815 -0.186412 0.42314 0.556533 0.145665 -0.790243 0.211114 0.251686 0.131421 0.51587 -0.417586 0.0385919 0.907818 0.319021 0.135458 0.48 0.805878 -0.369815 -0.186412 0.42314 0.0211724 -0.0452069 0.0293676 0.380879 -0.754313 -1.67258 0.080397 0.314 0.147194 0.51 0.556533 0.145665 -0.790243 0.211114 -0.0181728 0.048236 -0.0300506 -0.380879 0.754313 1.67258 0.0654954 2.18879e-07
26 0.114427 0.0696766 0.840954 -0.279263 -0.110514 0.450107 0.438829 0.312984 -0.829952 0.143702 0.252816 0.147907 0.529099 0.39413 0.750112 0.531031 0.319021 0.135458 0.48 0.840954 -0.279263 -0.110514 0.450107 0.0448981 -0.0303048 0.0403516 1.62437 -1.1366 -1.7742 0.114427 0.314 0.147194 0.51 0.438829 0.312984 -0.829952 0.143702 -0.0316223 0.0701285 -0.0537092 -1.62437 1.1366 1.7742 0.0696766 2.79642e-06
27 0.0229724 0.0233682 0.829652 -0.193619 -0.265819 0.451142 0.512257 0.288954 -0.725383 0.357656 0.304865 0.130319 0.497005 -0.62029 -0.413496 0.666529 0.319021 0.135458 0.48 0.829652 -0.193619 -0.265819 0.451142 0.0476795 -0.000494571 0.027276 -2.3144 -2.54605 3.25615 0.0229724 0.314 0.147194 0.51 0.512257 0.288954 -0.725383 0.357656 0.0669168 -0.05259 0.0126688 2.3144 2.54605 -3.25615 0.0233682 6.46416e-08
28 0.129773 0.0510817 0.832433 -0.180331 -0.174017 0.494221 0.563155 0.27859 -0.764111 0.146214 0.274433 0.14503 0.533445 0.767884 0.509803 0.387885 0.319021 0.135458 0.48 0.832433 -0.180331 -0.174017 0.494221 0.0511941 -0.0415848 0.0364789 1.12202 -1.05626 -1.93826 0.129773 0.314 0.147194 0.51 0.563155 0.27859 -0.764111 0.146214 -0.0422541 0.0655144 -0.0443442 -1.12202 1.05626 1.93826 0.0510817 3.59036e-06
29 0.113798 0.0729886 0.83646 -0.292358 -0.13055 0.444769 0.418671 0.310253 -0.835166 0.175944 0.247313 0.145499 0.523194 0.178695 0.895059 0.40858 0.319021 0.135458 0.48 0.836459 -0.292358 -0.13055 0.444769 0.0460432 -0.0158632 0.041648 1.78873 -1.08737 -1.45682 0.113798 0.314 0.147194 0.51 0.418671 0.310253 -0.835165 0.175944 -0.0305196 0.062211 -0.0571817 -1.78873 1.08737 1.45682 0.0729886 4.07566e-06
30 0.131431 0.0507433 0.831111 -0.179667 -0.173685 0.496797 0.561633 0.276501 -0.76592 0.146569 0.276883 0.142157 0.53577 0.833807 0.390411 0.390315 0.319021 0.135458 0.48 0.831111 -0.179667 -0.173685 0.496797 0.0448632 -0.0529827 0.0318949 0.942345 -0.905637 -2.09253 0.131431 0.314 0.147194 0.51 0.561633 0.276501 -0.76592 0.146569 -0.0422525 0.0707475 -0.0384076 -0.942345 0.905637 2.09253 0.0507433 6.07262e-06
31 0.0764146 0.0672926 0.808594 -0.300967 -0.130994 0.488297 0.521921 0.24855 -0.798019 0.170256 0.252816 0.122709 0.507316 -0.670044 -0.0319319 0.741634 0.319021 0.135458 0.48 0.808594 -0.300967 -0.130994 0.488297 0.0319894 -0.0579624 0.0323155 -0.0931695 -0.907925 -1.7365 0.0764146 0.314 0.147194 0.51 0.521921 0.24855 -0.798019 0.170256 -0.0251316 0.0464491 -0.0266638 0.0931695 0.907925 1.7365 0.0672926 4.34257e-07
32 0.0158443 0.0657525 0.719781 -0.221548 -0.487591 0.441685 0.342694 0.22186 -0.888596 0.209132 0.306625 0.127377 0.47811 -0.549401 -0.734071 -0.399123 0.319021 0.135458 0.48 0.719781 -0.221548 -0.487591 0.441685 0.0395089 -0.140226 0.0984226 -0.0565412 -4.62258 -8.09877 0.0158443 0.314 0.147194 0.51 0.342694 0.22186 -0.888596 0.209132 0.00411987 0.0978692 -0.0745512 0.0565412 4.62258 8.09877 0.0657525 7.67646e-05
33 0.0155382 0.0889747 0.807333 0.034148 -0.469276 0.356127 0.504058 0.304487 -0.783807 0.197131 0.308836 0.125165 0.479041 -0.43837 -0.753089 -0.490601 0.319021 0.135458 0.48 0.807333 0.034148 -0.469276 0.356127 0.0866027 -0.1201 0.0618646 -0.486485 -3.09069 -5.20871 0.0155382 0.314 0.147194 0.51 0.504058 0.304487 -0.783807 0.197131 -0.0550125 0.0793552 -0.0406382 0.486485 3.09069 5.20871 0.0889747 0.000406901
34 0.0143742 0.0935749 0.803149 -0.061819 -0.492129 0.33006 0.542971 0.344331 -0.705519 0.298096 0.307181 0.129012 0.478779 -0.666458 -0.541543 -0.512411 0.319021 0.135458 0.48 0.803149 -0.061819 -0.492129 0.33006 0.068004 -0.130957 0.0468811 -1.42653 -1.85444 -5.0697 0.0143742 0.314 0.147194 0.51 0.542971 0.344331 -0.705519 0.298096 -0.0718698 0.0627091 -0.0208289 1.42653 1.85444 5.0697 0.0935749 0.000716068
35 0.13189 0.0492442 0.830527 -0.197301 -0.151562 0.498323 0.551103 0.270433 -0.77553 0.147325 0.277248 0.143551 0.533777 0.839192 0.377205 0.391757 0.319021 0.135458 0.48 0.830527 -0.197301 -0.151562 0.498323 0.0467954 -0.0524863 0.0353802 1.00814 -1.01459 -2.08443 0.13189 0.314 0.147194 0.51 0.551103 0.270433 -0.77553 0.147325 -0.040821 0.0722655 -0.0421181 -1.00814 1.01459 2.08443 0.0492442 9.41981e-06
36 0.0149961 0.0948911 0.811323 -0.0716329 -0.481697 0.323407 0.511573 0.327218 -0.733932 0.304247 0.306571 0.129114 0.478587 -0.665991 -0.513238 -0.541334 0.319021 0.135458 0.48 0.811323 -0.0716329 -0.481697 0.323407 0.0672293 -0.133228 0.045754 -1.39934 -1.77298 -5.04323 0.0149961 0.314 0.147194 0.51 0.511573 0.327218 -0.733932 0.304247 -0.0732282 0.0659281 -0.0204298 1.39934 1.77298 5.04323 0.0948911 0.000879455
