0 : 37690  57460
1 : 35898  27474
2 : 7046  2597
3 : 2753  414
4 : 1444  51
5 : 903  31
6 : 703  15
7 : 351  3
8 : 279  3
9 : 174  2
10 : 124  3
11 : 91  0
12 : 73  1
13 : 51  0
14 : 38  0
15 : 41  0
16 : 20  0
17 : 26  0
18 : 17  0
19 : 27  0
20 : 32  0
21 : 32  0
22 : 22  0
23 : 16  0
24 : 19  0
25 : 10  0
26 : 15  0
27 : 12  0
28 : 13  0
29 : 9  0
30 : 11  0
31 : 8  0
32 : 4  0
33 : 4  0
34 : 7  0
35 : 5  0
36 : 3  0
37 : 3  0
38 : 4  0
39 : 6  0
40 : 5  0
41 : 5  0
42 : 6  0
43 : 4  0
44 : 2  0
45 : 4  0
46 : 2  0
47 : 4  0
48 : 7  0
49 : 2  0
50 : 4  0
51 : 1  0
52 : 3  0
53 : 3  0
58 : 1  0
59 : 1  0
61 : 1  0
63 : 1  0
67 : 1  0
69 : 2  0
72 : 2  0
74 : 1  0
77 : 1  0
80 : 1  0
83 : 1  0
85 : 1  0
94 : 1  0
96 : 1  0
97 : 1  0
99 : 1  0
