0 1.82342 -0.675292 0.188102 -0.638557 -1.94554 
1 1.76673 -0.637833 0.190851 -0.681481 -1.8861 
2 1.78161 -0.665003 0.119085 -0.584094 -1.96597 
3 1.71686 -0.694199 0.249433 -0.661353 -1.86376 
4 1.71928 -0.688551 0.0629842 -0.542736 -1.93946 
5 1.74701 -0.704857 0.318638 -0.596646 -1.86281 
6 1.77591 -0.569106 0.162228 -0.656465 -1.82489 
7 1.78933 -0.510351 0.18306 -0.579551 -1.82064 
8 1.7218 -0.743704 0.016488 -0.515412 -1.87587 
9 1.80774 -0.471465 0.236358 -0.608402 -1.75374 
10 1.71576 -0.734604 0.362267 -0.632764 -1.79259 
11 1.70376 -0.749235 -0.061938 -0.456322 -1.87722 
12 1.83759 -0.420247 0.30024 -0.650473 -1.77894 
13 1.78341 -0.578643 0.11572 -0.691376 -1.74444 
14 1.8015 -0.380076 0.34847 -0.585732 -1.75513 
15 1.74173 -0.732594 0.358618 -0.50983 -1.87102 
16 1.72509 -0.528627 0.0722585 -0.692082 -1.69746 
17 1.66076 -0.483474 0.0314674 -0.698504 -1.65144 
18 1.74646 -0.778729 0.419919 -0.634357 -1.73108 
19 1.78826 -0.314103 0.391382 -0.56299 -1.69934 
20 1.73759 -0.23129 0.392748 -0.581605 -1.71438 
21 1.6951 -0.182083 0.427229 -0.514018 -1.71042 
22 1.68472 -0.40997 -0.00863409 -0.747066 -1.64391 
23 1.69208 -0.31873 -0.0419767 -0.752103 -1.62191 
24 1.72186 -0.107253 0.484926 -0.528105 -1.72294 
25 1.71013 -0.0785394 0.488018 -0.502068 -1.63156 
26 1.63876 -0.293733 -0.032737 -0.789076 -1.55063 
27 1.66149 -0.0175728 0.439492 -0.462772 -1.63586 
28 1.67077 -0.0466763 0.536469 -0.551048 -1.5797 
29 1.74012 -0.768588 -0.146375 -0.449088 -1.84373 
30 1.65692 -0.0325379 0.584721 -0.629327 -1.54576 
31 1.72243 -0.818679 0.489814 -0.644475 -1.6778 
32 1.69854 -0.725255 -0.215268 -0.421428 -1.87343 
33 1.78536 -0.804905 -0.200833 -0.498924 -1.87815 
34 1.76365 -0.795607 -0.192351 -0.40739 -1.77399 
35 1.747 -0.792381 -0.219774 -0.34666 -1.70138 
36 1.72926 -0.763013 -0.253283 -0.284653 -1.63929 
37 1.67206 -0.0409189 0.617041 -0.650799 -1.45523 
38 1.6743 -0.217421 -0.0505248 -0.828825 -1.51873 
39 1.65731 -0.155673 -0.0980183 -0.842493 -1.45994 
40 1.74864 -0.877018 0.467144 -0.704059 -1.63484 
41 1.77409 -0.740021 -0.263298 -0.2091 -1.59864 
42 1.66106 0.0175137 0.418203 -0.409957 -1.56152 
43 1.73553 -0.780129 -0.273777 -0.16443 -1.52936 
44 1.63714 -0.0751682 -0.115547 -0.886065 -1.42984 
45 1.73695 -0.827931 -0.30566 -0.163658 -1.44753 
46 1.63871 0.0533944 0.390104 -0.356172 -1.49421 
47 1.6361 0.00597991 0.670088 -0.693694 -1.41218 
48 1.77726 -0.938328 0.53966 -0.709084 -1.62309 
49 1.76309 -0.975078 0.610045 -0.766454 -1.63735 
50 1.7996 -0.669994 -0.318624 -0.179495 -1.62118 
51 1.67324 -0.105614 -0.196863 -0.910216 -1.40588 
52 1.64981 -0.0498588 -0.273104 -0.920915 -1.42626 
53 1.78808 -1.02952 0.624199 -0.793462 -1.56331 
54 1.83156 -0.81111 -0.277996 -0.502819 -1.92125 
55 1.68409 -0.133112 -0.20491 -0.9215 -1.31136 
56 1.81832 -1.05138 0.689718 -0.783344 -1.4984 
57 1.67546 -0.122172 -0.260001 -0.930568 -1.22958 
58 1.81826 -1.0882 0.724792 -0.788945 -1.41248 
59 1.75462 -0.836598 -0.262431 -0.0816259 -1.41568 
60 1.76425 -0.858481 -0.327695 -0.0179163 -1.44899 
61 1.72481 -0.134276 -0.338266 -0.936511 -1.19412 
62 1.77683 -0.856852 -0.222973 -0.0303108 -1.34563 
63 1.73612 -0.819916 -0.21544 0.0527556 -1.34094 
64 1.73301 -0.1585 -0.407679 -0.928113 -1.12736 
65 1.70364 -0.0871169 -0.454656 -0.943602 -1.08743 
66 1.65045 -0.129 -0.507061 -0.967986 -1.04186 
67 1.74624 -0.912047 -0.270276 -0.0518123 -1.28804 
68 1.83355 -1.12633 0.775961 -0.833941 -1.35191 
69 1.80488 -0.891231 -0.376274 0.0503464 -1.43296 
70 1.69159 -0.164966 -0.578528 -0.972783 -0.998473 
71 1.69122 -0.120917 -0.579869 -0.918216 -0.927198 
72 1.75415 -0.945434 -0.308417 -0.0540496 -1.20223 
73 1.70024 -0.157891 -0.640982 -0.935613 -0.860011 
74 1.70766 -0.117074 -0.649069 -0.9076 -0.77382 
75 1.72233 -0.0963844 -0.614632 -0.854798 -0.700453 
76 1.63565 -0.0664065 -0.675631 -0.932353 -0.743349 
77 1.68616 -0.15154 -0.646602 -0.84395 -0.633295 
78 1.76468 -0.944699 -0.275209 -0.00803285 -1.12057 
79 1.66131 -0.0489738 -0.675244 -1.00363 -0.680449 
80 1.75974 -0.83809 -0.417601 0.108084 -1.44281 
81 1.82615 -1.09163 0.735184 -0.710643 -1.52948 
82 1.68169 0.016451 -0.314269 -0.889084 -1.46961 
83 1.69678 -0.0789794 -0.736668 -1.04975 -0.636382 
84 1.78916 -0.982283 -0.242298 0.0663805 -1.08359 
85 1.81913 -1.01416 -0.230074 0.128174 -1.01942 
86 1.69157 0.0911397 -0.375512 -0.907902 -1.4844 
87 1.66032 -0.14347 -0.728628 -1.08393 -0.579122 
88 1.67507 -0.234321 -0.710983 -1.09068 -0.544895 
89 1.70387 -0.258605 -0.748481 -1.11342 -0.4633 
90 1.66017 0.117274 -0.360697 -0.974826 -1.54467 
91 1.65896 -0.133582 -0.667451 -0.777028 -0.56986 
92 1.63704 -0.254235 -0.704211 -1.12599 -0.405012 
93 1.89089 -0.387695 0.325413 -0.717508 -1.81012 
94 1.79014 -0.851129 -0.499615 0.152508 -1.45717 
95 1.64022 -0.0769631 -0.695179 -0.70492 -0.548073 
96 1.67891 -0.229134 -0.729299 -1.15655 -0.327202 
97 1.68606 -0.00801033 -0.70379 -0.659376 -0.516511 
98 1.84035 -1.17283 0.794779 -0.843417 -1.26619 
99 1.83958 -1.04599 -0.273726 0.200206 -0.981014 
100 1.85285 -1.05517 -0.247305 0.27144 -0.918027 
101 1.87026 -1.06359 -0.290576 0.326191 -0.849064 
102 1.90167 -1.18507 0.848249 -0.851732 -1.20996 
103 1.63619 -0.177721 -0.764421 -1.20788 -0.286413 
104 1.64778 -0.162753 -0.78411 -1.19863 -0.190661 
105 1.73162 -0.793849 -0.518834 0.205311 -1.44547 
106 1.88861 -1.07367 -0.230441 0.342293 -0.773658 
107 1.81785 -1.07161 -0.246064 0.38655 -0.720871 
108 1.64347 0.0120556 -0.723534 -0.606546 -0.448667 
109 1.67615 0.0344315 -0.728876 -0.564579 -0.36717 
110 1.66928 0.0839414 -0.683658 -0.5044 -0.324328 
111 1.65211 0.102433 -0.614459 -0.515293 -0.257573 
112 1.65674 -0.226468 -0.827313 -1.18851 -0.128281 
113 1.63915 -0.0498318 -0.792263 -1.09727 -0.658294 
114 1.636 -0.240011 -0.829329 -1.21173 -0.0342439 
115 1.87736 -1.22637 0.890494 -0.799482 -1.1535 
116 1.67326 0.0862202 -0.549665 -0.504674 -0.187013 
117 1.80794 -1.03912 -0.184128 0.433692 -0.668077 
118 1.76302 -0.974703 -0.199021 0.493604 -0.663404 
119 1.66952 0.129227 -0.442081 -1.01417 -1.58466 
120 1.68441 0.118173 -0.480838 -0.514206 -0.123555 
121 1.7878 -0.910184 -0.579925 0.153264 -1.4647 
122 1.98564 -1.19953 0.887222 -0.879733 -1.18906 
123 1.84694 -1.13294 -0.258163 0.360105 -0.653442 
124 2.01178 -1.25646 0.931556 -0.904115 -1.12977 
125 1.75445 -0.918128 -0.210507 0.571903 -0.641883 
126 1.6692 -0.188361 -0.893108 -1.23008 0.00848389 
127 1.76927 -0.934501 -0.143735 0.625917 -0.688105 
128 1.70531 0.182248 -0.48345 -0.48422 -0.0560917 
129 1.71862 0.236323 -0.430338 -0.424359 -0.0338516 
130 1.68986 0.0454987 -0.816234 -0.52315 -0.34868 
131 1.86661 -1.17219 -0.317703 0.384918 -0.590893 
132 1.70002 0.292576 -0.450525 -0.366741 0.0187089 
133 1.66839 0.179162 -0.40871 -1.0876 -1.61627 
134 1.65068 0.35494 -0.418555 -0.357447 0.0693771 
135 1.76202 -0.856759 -0.32109 -0.537785 -1.92155 
136 1.65647 -0.322181 -0.866664 -1.24843 -0.0436104 
137 1.63673 0.254884 -0.443577 -1.12269 -1.64485 
138 1.66942 0.380862 -0.336499 -0.404553 0.074337 
139 1.65858 0.466758 -0.300442 -0.439073 0.070757 
140 1.715 -0.723503 -0.555676 0.256449 -1.4738 
141 1.64293 -0.375152 -0.921942 -1.29704 -0.00370735 
142 1.73402 -0.207701 -0.61015 -1.03988 -1.02799 
143 1.66678 0.231967 -0.493015 -1.19707 -1.66923 
144 1.7445 0.340924 -0.508883 -0.320572 0.00657213 
145 1.69785 -0.176379 -0.949331 -1.21903 0.0843278 
146 1.76608 -0.872435 -0.127649 0.695172 -0.721011 
147 1.66423 0.321159 -0.523779 -1.21788 -1.64356 
148 1.6638 0.395767 -0.586399 -1.19834 -1.65499 
149 1.7791 0.384629 -0.532805 -0.24412 0.0283694 
150 2.00033 -1.24835 1.01951 -0.93195 -1.09383 
151 1.68192 0.507921 -0.240407 -0.501899 0.0852385 
152 1.75285 -0.827463 -0.0984818 0.739302 -0.650271 
153 1.7586 0.43178 -0.528234 -0.17927 0.0843158 
154 1.99281 -1.29825 1.00707 -1.01675 -1.08346 
155 1.96405 -1.36573 0.987803 -1.07913 -1.10236 
156 1.69154 0.437421 -0.670719 -1.21792 -1.65659 
157 1.76362 -0.792991 -0.0220766 0.791813 -0.660297 
158 1.79415 -0.940791 -0.628317 0.228691 -1.49619 
159 1.66188 0.547385 -0.186701 -0.571611 0.102465 
160 1.70712 -0.201698 -1.00781 -1.18324 0.15194 
161 1.94851 -1.25126 1.05149 -1.07096 -1.05317 
162 1.80737 -0.990182 -0.710744 0.232067 -1.4721 
163 1.74182 -0.247236 -1.03798 -1.15587 0.223096 
164 1.82159 -1.05142 -0.76101 0.289437 -1.48728 
165 1.86717 -1.1035 0.796273 -0.655555 -1.56704 
166 1.66782 0.20372 -0.44875 -1.28117 -1.68225 
167 1.68112 0.440575 -0.568613 -0.138473 0.109308 
168 1.7673 -0.788761 0.0613101 0.83852 -0.631422 
169 1.63806 0.459822 -0.577088 -0.0659426 0.158737 
170 1.67561 0.433949 -0.613602 -0.045015 0.237155 
171 1.81422 -1.0143 -0.816212 0.363375 -1.47991 
172 2.05093 -1.26327 1.07127 -0.869544 -1.11918 
