1 51 0.84 4 51 0 0.1275 0 0 0 0 0 0 
6 61 0.947571 1.31072 58 0.17987 0.145 0 0 0 0 0 10 
7 61 0.958057 1.04858 59 0.45974 0.1475 0 0 0 0 0 15 
8 69 0.966446 0.838861 67 0.395363 0.1675 0 0 0 0 0 21 
9 71 0.973156 0.671089 71 0.631679 0.1775 0 0 0 0 0 27 
10 78 0.978525 0.536871 78 0.705793 0.195 0 0 0 0 0 39 
13 83 0.989005 0.274878 83 0.959474 0.2075 0 0 0 4 4 67 
15 91 0.992963 0.175922 91 1.07032 0.2275 0 0 0 11 11 88 
20 101 0.997694 0.0576461 101 1.03585 0.2525 0 0 0 33 33 136 
22 105 0.998524 0.0368935 105 1.38858 0.2625 0 0 0 54 54 158 
25 108 0.999244 0.0188895 108 1.24452 0.27 0 0 0 75 75 190 
26 109 0.999395 0.0151116 109 1.29683 0.2725 0 0 0 100 100 201 
29 110 0.99969 0.00773713 110 1.36707 0.275 0 0 0 134 134 229 
31 111 0.999802 0.00495176 111 1.46707 0.2775 0 0 0 182 182 249 
33 112 0.999873 0.00316913 112 1.71615 0.28 0 0 0 281 281 274 
34 113 0.999899 0.0025353 113 1.67638 0.2825 0 0 0 369 369 288 
38 126 0.999958 0.00103846 126 1.73942 0.315 0 0 0 496 496 329 
43 128 0.999986 0.000340282 128 2.02256 0.32 0 0 0 840 840 393 
47 140 0.999994 0.00013938 140 1.98096 0.35 0 0 0 1258 1258 441 
107 141 1 2.13599e-10 141 3.94063 0.3525 0 0 0 5064 5064 1060 
112 148 1 6.9992e-11 148 4.43362 0.37 0 0 0 12514 12514 1193 
117 150 1 2.2935e-11 150 4.4899 0.375 0 0 0 21065 21065 1273 
121 158 1 9.39417e-12 158 4.01162 0.395 0 0 0 28911 28911 1351 
124 159 1 4.80982e-12 159 6.86207 0.3975 0 0 0 81868 81868 1495 
129 172 1 1.57608e-12 172 6.88632 0.43 0 0 0 123087 123087 1602 
130 184 1 1.26086e-12 184 6.97017 0.46 0 0 0 175073 175073 1624 
133 189 1 6.45563e-13 189 6.01317 0.4725 0 0 0 208750 208750 1664 
135 190 1 4.1316e-13 190 6.09475 0.475 0 0 0 254601 254601 1694 
136 192 1 3.30528e-13 192 6.29133 0.48 0 0 0 329787 329787 1727 
139 202 1 1.6923e-13 202 6.37179 0.505 0 0 0 444881 444881 1769 
140 213 1 1.35384e-13 213 6.4598 0.5325 0 0 0 655817 655817 1789 
152 215 1 9.30354e-15 215 6.5598 0.5375 0 0 0 1132866 1132866 1963 
168 220 1 2.61871e-16 220 7.01532 0.55 0 0 0 2258695 2258695 2218 
170 221 1 1.67598e-16 221 7.09764 0.5525 0 0 0 3598342 3598342 2260 
