1: 0 
6: 0 5 
7: 0 5 0 1 
8: 0 7 1 
9: 0 8 6 7 
10: 0 8 4 9 
13: 0 1 12 7 8 11 
15: 0 11 2 9 14 
20: 0 11 7 19 
22: 0 11 7 19 14 21 
25: 0 11 7 24 
26: 0 11 7 25 
29: 0 11 7 28 
31: 0 11 7 28 30 
33: 0 32 7 28 30 
34: 0 33 7 28 30 
38: 0 33 7 20 30 37 
43: 0 33 7 9 42 30 37 
47: 0 33 7 30 46 
107: 0 9 46 30 7 33 67 106 
112: 0 33 7 30 46 42 26 64 75 111 
117: 0 33 7 30 46 42 26 64 75 116 
121: 0 33 7 25 20 57 75 116 120 
124: 0 33 67 123 67 45 17 25 20 57 75 120 
129: 0 33 67 123 67 45 16 24 20 57 75 120 128 
130: 0 33 67 123 67 45 16 24 20 57 75 120 129 
133: 0 33 67 123 67 45 17 64 75 128 132 
135: 0 33 67 123 67 45 17 64 75 128 134 
136: 0 135 35 84 123 67 45 17 64 75 128 134 
139: 0 135 35 84 123 67 45 17 64 75 128 132 138 
140: 0 135 35 84 123 67 45 17 64 75 128 132 139 
152: 0 135 35 84 123 67 45 17 64 75 128 132 139 151 
168: 0 135 35 84 123 67 45 17 64 75 128 132 167 151 
170: 0 135 35 84 123 67 45 17 64 75 128 151 134 169 
