0 1 1 1 0 0 0.1 
0 2 1 1 0 0 0.1 
2 1 0 1 0 0 0.148232 
1 3 1 1 0 0 0.1 
3 0 0 1 0 0 0.150601 
3 2 0 1 0 0 0.196087 
2 4 1 1 0 0 0.1 
4 0 0 1 0 0 0.189453 
4 1 0 1 0 0 0.208015 
4 3 0 1 0 0 0.233667 
3 5 1 1 0 0 0.1 
5 1 0 1 0 0 0.170147 
5 0 0 1 0 0 0.17987 
5 2 0 1 0 0 0.231098 
5 4 0 1 0 0 0.274181 
1 6 1 1 0 0 0.1 
6 3 0 1 0 0 0.168153 
6 0 0 1 0 0 0.17053 
6 2 0 1 0 0 0.190345 
6 5 0 1 0 0 0.220781 
6 4 0 1 0 0 0.231048 
6 7 1 1 0 0 0.1 
7 1 0 1 0 0 0.177476 
7 0 0 1 0 0 0.217887 
7 2 0 1 0 0 0.221832 
7 3 0 1 0 0 0.228054 
7 5 0 1 0 0 0.245103 
7 4 0 1 0 0 0.257978 
4 8 1 1 0 0 0.1 
8 2 0 1 0 0 0.182024 
8 0 0 1 0 0 0.253923 
8 1 0 1 0 0 0.267047 
8 6 0 1 0 0 0.277756 
8 3 0 1 0 0 0.279614 
8 7 0 1 0 0 0.306472 
8 5 0 1 0 0 0.316559 
7 9 1 1 0 0 0.1 
9 6 0 1 0 0 0.153017 
9 1 0 1 0 0 0.233005 
9 3 0 1 0 0 0.270093 
9 5 0 1 0 0 0.277424 
9 0 0 1 0 0 0.286038 
9 2 0 1 0 0 0.312288 
9 4 0 1 0 0 0.35187 
5 10 1 1 0 0 0.1 
10 3 0 1 0 0 0.142296 
10 1 0 1 0 0 0.229049 
10 0 0 1 0 0 0.26243 
10 6 0 1 0 0 0.269496 
10 7 0 1 0 0 0.302384 
10 9 0 1 0 0 0.309288 
10 2 0 1 0 0 0.317405 
8 11 1 1 0 0 0.1 
11 4 0 1 0 0 0.175699 
11 2 0 1 0 0 0.264816 
11 0 0 1 0 0 0.346675 
11 6 0 1 0 0 0.361522 
11 1 0 1 0 0 0.362013 
11 3 0 1 0 0 0.377321 
11 7 0 1 0 0 0.377887 
11 5 0 1 0 0 0.410582 
9 12 1 1 0 0 0.1 
12 7 0 1 0 0 0.175919 
12 6 0 1 0 0 0.217157 
12 1 0 1 0 0 0.277083 
12 5 0 1 0 0 0.315398 
12 3 0 1 0 0 0.315467 
12 0 0 1 0 0 0.325149 
12 10 0 1 0 0 0.343525 
12 2 0 1 0 0 0.36775 
6 13 1 1 0 0 0.1 
13 7 0 1 0 0 0.165965 
13 1 0 1 0 0 0.17202 
13 9 0 1 0 0 0.183313 
13 3 0 1 0 0 0.225389 
13 0 0 1 0 0 0.243744 
13 12 0 1 0 0 0.254823 
13 2 0 1 0 0 0.260872 
13 4 0 1 0 0 0.281241 
12 14 1 1 0 0 0.1 
14 9 0 1 0 0 0.146546 
14 7 0 1 0 0 0.220929 
14 6 0 1 0 0 0.284503 
14 13 0 1 0 0 0.324351 
14 1 0 1 0 0 0.344691 
14 5 0 1 0 0 0.347929 
14 3 0 1 0 0 0.364918 
14 10 0 1 0 0 0.36993 
5 15 1 1 0 0 0.1 
15 10 0 1 0 0 0.148174 
15 3 0 1 0 0 0.192421 
15 0 0 1 0 0 0.247298 
15 1 0 1 0 0 0.259696 
15 2 0 1 0 0 0.279402 
15 7 0 1 0 0 0.299796 
15 6 0 1 0 0 0.30016 
15 4 0 1 0 0 0.309208 
15 9 0 1 0 0 0.333113 
13 16 1 1 0 0 0.1 
16 6 0 1 0 0 0.172691 
16 7 0 1 0 0 0.211128 
16 9 0 1 0 0 0.217249 
16 1 0 1 0 0 0.251838 
16 12 0 1 0 0 0.291114 
16 3 0 1 0 0 0.295761 
16 4 0 1 0 0 0.326439 
16 2 0 1 0 0 0.328244 
16 0 0 1 0 0 0.330165 
16 17 1 1 0 0 0.1 
17 13 0 1 0 0 0.199749 
17 6 0 1 0 0 0.263707 
17 9 0 1 0 0 0.286899 
17 7 0 1 0 0 0.288118 
17 1 0 1 0 0 0.340315 
17 12 0 1 0 0 0.355059 
17 3 0 1 0 0 0.376195 
17 4 0 1 0 0 0.392035 
17 14 0 1 0 0 0.393015 
10 18 1 1 0 0 0.1 
18 5 0 1 0 0 0.185715 
18 15 0 1 0 0 0.202481 
18 3 0 1 0 0 0.235418 
18 1 0 1 0 0 0.314623 
18 0 0 1 0 0 0.341135 
18 6 0 1 0 0 0.347135 
18 9 0 1 0 0 0.364758 
18 13 0 1 0 0 0.37063 
18 7 0 1 0 0 0.375489 
14 19 1 1 0 0 0.1 
19 12 0 1 0 0 0.189728 
19 9 0 1 0 0 0.232802 
19 7 0 1 0 0 0.311291 
19 6 0 1 0 0 0.377083 
19 13 0 1 0 0 0.405601 
19 16 0 1 0 0 0.410511 
19 5 0 1 0 0 0.433057 
19 1 0 1 0 0 0.440907 
19 17 0 1 0 0 0.441746 
19 20 1 1 0 0 0.1 
20 14 0 1 0 0 0.172802 
20 12 0 1 0 0 0.251342 
20 9 0 1 0 0 0.298881 
20 7 0 1 0 0 0.368534 
20 6 0 1 0 0 0.431907 
20 16 0 1 0 0 0.45141 
20 13 0 1 0 0 0.460925 
20 17 0 1 0 0 0.46653 
20 1 0 1 0 0 0.496339 
20 21 1 1 0 0 0.1 
21 19 0 1 0 0 0.172961 
21 14 0 1 0 0 0.252724 
21 12 0 1 0 0 0.341273 
21 9 0 1 0 0 0.379009 
21 7 0 1 0 0 0.438979 
21 6 0 1 0 0 0.50984 
21 16 0 1 0 0 0.528083 
21 17 0 1 0 0 0.534936 
21 13 0 1 0 0 0.542873 
21 5 0 1 0 0 0.563764 
17 22 1 1 0 0 0.1 
22 16 0 1 0 0 0.167761 
22 13 0 1 0 0 0.258581 
22 6 0 1 0 0 0.322173 
22 9 0 1 0 0 0.332006 
22 7 0 1 0 0 0.342144 
22 12 0 1 0 0 0.382677 
22 1 0 1 0 0 0.401747 
22 14 0 1 0 0 0.424801 
22 3 0 1 0 0 0.451776 
22 4 0 1 0 0 0.461552 
22 23 1 1 0 0 0.1 
23 17 0 1 0 0 0.19303 
23 16 0 1 0 0 0.25982 
23 13 0 1 0 0 0.345641 
23 9 0 1 0 0 0.390135 
23 6 0 1 0 0 0.402196 
23 7 0 1 0 0 0.407538 
23 12 0 1 0 0 0.428461 
23 14 0 1 0 0 0.462184 
23 20 0 1 0 0 0.486131 
23 1 0 1 0 0 0.486203 
21 24 1 1 0 0 0.1 
24 20 0 1 0 0 0.164514 
24 19 0 1 0 0 0.240252 
24 14 0 1 0 0 0.322107 
24 12 0 1 0 0 0.404446 
24 9 0 1 0 0 0.457392 
24 7 0 1 0 0 0.519956 
24 6 0 1 0 0 0.589264 
24 16 0 1 0 0 0.612698 
24 23 0 1 0 0 0.61937 
24 17 0 1 0 0 0.620523 
24 25 1 1 0 0 0.1 
25 21 0 1 0 0 0.144926 
25 20 0 1 0 0 0.215285 
25 19 0 1 0 0 0.281493 
25 14 0 1 0 0 0.375522 
25 12 0 1 0 0 0.460451 
25 9 0 1 0 0 0.503473 
25 7 0 1 0 0 0.572265 
25 23 0 1 0 0 0.633658 
25 6 0 1 0 0 0.642132 
25 17 0 1 0 0 0.643296 
23 26 1 1 0 0 0.1 
26 22 0 1 0 0 0.163307 
26 17 0 1 0 0 0.242844 
26 16 0 1 0 0 0.323446 
26 13 0 1 0 0 0.413817 
26 9 0 1 0 0 0.454368 
26 6 0 1 0 0 0.474818 
26 7 0 1 0 0 0.482668 
26 12 0 1 0 0 0.487592 
26 14 0 1 0 0 0.512278 
26 20 0 1 0 0 0.514355 
25 27 1 1 0 0 0.1 
27 24 0 1 0 0 0.160013 
27 21 0 1 0 0 0.191126 
27 20 0 1 0 0 0.271917 
27 19 0 1 0 0 0.346972 
27 14 0 1 0 0 0.434332 
27 12 0 1 0 0 0.517932 
27 9 0 1 0 0 0.551159 
27 7 0 1 0 0 0.610503 
27 23 0 1 0 0 0.63824 
27 26 0 1 0 0 0.643054 
25 28 1 1 0 0 0.1 
28 27 0 1 0 0 0.145889 
28 24 0 1 0 0 0.173148 
28 21 0 1 0 0 0.222077 
28 20 0 1 0 0 0.279774 
28 19 0 1 0 0 0.347599 
28 14 0 1 0 0 0.442231 
28 12 0 1 0 0 0.522271 
28 9 0 1 0 0 0.568199 
28 7 0 1 0 0 0.642504 
28 26 0 1 0 0 0.666003 
11 29 1 1 0 0 0.1 
29 8 0 1 0 0 0.181414 
29 4 0 1 0 0 0.261925 
29 2 0 1 0 0 0.340718 
29 0 0 1 0 0 0.416872 
29 13 0 1 0 0 0.41858 
29 6 0 1 0 0 0.423876 
29 16 0 1 0 0 0.431336 
29 1 0 1 0 0 0.432815 
29 7 0 1 0 0 0.441803 
29 3 0 1 0 0 0.456286 
29 17 0 1 0 0 0.467333 
28 30 1 1 0 0 0.1 
30 25 0 1 0 0 0.194567 
30 27 0 1 0 0 0.239153 
30 24 0 1 0 0 0.247789 
30 21 0 1 0 0 0.298386 
30 20 0 1 0 0 0.337008 
30 19 0 1 0 0 0.402364 
30 14 0 1 0 0 0.493195 
30 12 0 1 0 0 0.564545 
30 9 0 1 0 0 0.616811 
30 26 0 1 0 0 0.689457 
30 7 0 1 0 0 0.696569 
18 31 1 1 0 0 0.1 
31 10 0 1 0 0 0.191562 
31 5 0 1 0 0 0.281739 
31 15 0 1 0 0 0.283652 
31 3 0 1 0 0 0.328903 
31 1 0 1 0 0 0.41086 
31 0 0 1 0 0 0.439899 
31 6 0 1 0 0 0.440725 
31 9 0 1 0 0 0.446255 
31 13 0 1 0 0 0.455987 
31 12 0 1 0 0 0.467133 
31 7 0 1 0 0 0.467182 
29 32 1 1 0 0 0.1 
32 11 0 1 0 0 0.159199 
32 8 0 1 0 0 0.251855 
32 4 0 1 0 0 0.313491 
32 2 0 1 0 0 0.396669 
32 16 0 1 0 0 0.475668 
32 13 0 1 0 0 0.477243 
32 6 0 1 0 0 0.480074 
32 0 0 1 0 0 0.482849 
32 7 0 1 0 0 0.490798 
32 1 0 1 0 0 0.494988 
32 17 0 1 0 0 0.496804 
29 33 1 1 0 0 0.1 
33 32 0 1 0 0 0.141842 
33 11 0 1 0 0 0.175688 
33 8 0 1 0 0 0.235142 
33 4 0 1 0 0 0.305258 
33 2 0 1 0 0 0.37 
33 0 0 1 0 0 0.439951 
33 13 0 1 0 0 0.454224 
33 1 0 1 0 0 0.463753 
33 6 0 1 0 0 0.463854 
33 16 0 1 0 0 0.473815 
33 7 0 1 0 0 0.493923 
29 34 1 1 0 0 0.1 
34 32 0 1 0 0 0.140711 
34 33 0 1 0 0 0.140919 
34 11 0 1 0 0 0.189196 
34 8 0 1 0 0 0.264778 
34 4 0 1 0 0 0.352595 
34 2 0 1 0 0 0.427144 
34 13 0 1 0 0 0.473173 
34 16 0 1 0 0 0.47926 
34 6 0 1 0 0 0.491741 
34 0 0 1 0 0 0.495643 
34 7 0 1 0 0 0.504758 
34 35 1 1 0 0 0.1 
35 29 0 1 0 0 0.191721 
35 32 0 1 0 0 0.205106 
35 33 0 1 0 0 0.237529 
35 11 0 1 0 0 0.267563 
35 8 0 1 0 0 0.343146 
35 4 0 1 0 0 0.432005 
35 2 0 1 0 0 0.508557 
35 16 0 1 0 0 0.524081 
35 13 0 1 0 0 0.529386 
35 17 0 1 0 0 0.540621 
35 6 0 1 0 0 0.554839 
35 36 1 1 0 0 0.1 
36 34 0 1 0 0 0.197904 
36 32 0 1 0 0 0.278109 
36 29 0 1 0 0 0.283572 
36 33 0 1 0 0 0.332596 
36 11 0 1 0 0 0.351473 
36 8 0 1 0 0 0.427112 
36 4 0 1 0 0 0.512226 
36 16 0 1 0 0 0.574729 
36 17 0 1 0 0 0.579082 
36 2 0 1 0 0 0.589395 
36 13 0 1 0 0 0.591243 
30 37 1 1 0 0 0.1 
37 28 0 1 0 0 0.178799 
37 25 0 1 0 0 0.269675 
37 27 0 1 0 0 0.316478 
37 24 0 1 0 0 0.333252 
37 21 0 1 0 0 0.374587 
37 20 0 1 0 0 0.403468 
37 19 0 1 0 0 0.454259 
37 14 0 1 0 0 0.545975 
37 12 0 1 0 0 0.613547 
37 9 0 1 0 0 0.663025 
37 26 0 1 0 0 0.717953 
26 38 1 1 0 0 0.1 
38 23 0 1 0 0 0.164876 
38 22 0 1 0 0 0.247571 
38 17 0 1 0 0 0.335089 
38 16 0 1 0 0 0.406381 
38 13 0 1 0 0 0.489757 
38 9 0 1 0 0 0.518132 
38 12 0 1 0 0 0.538846 
38 20 0 1 0 0 0.547799 
38 6 0 1 0 0 0.550189 
38 7 0 1 0 0 0.553975 
38 14 0 1 0 0 0.562863 
38 39 1 1 0 0 0.1 
39 26 0 1 0 0 0.186397 
39 23 0 1 0 0 0.255616 
39 22 0 1 0 0 0.341111 
39 17 0 1 0 0 0.426187 
39 16 0 1 0 0 0.501716 
39 13 0 1 0 0 0.586741 
39 9 0 1 0 0 0.612597 
39 20 0 1 0 0 0.621139 
39 12 0 1 0 0 0.632248 
39 19 0 1 0 0 0.645903 
39 6 0 1 0 0 0.648467 
39 7 0 1 0 0 0.649208 
31 40 1 1 0 0 0.1 
40 18 0 1 0 0 0.161292 
40 10 0 1 0 0 0.249659 
40 5 0 1 0 0 0.339413 
40 15 0 1 0 0 0.355228 
40 3 0 1 0 0 0.368863 
40 1 0 1 0 0 0.444426 
40 0 0 1 0 0 0.474314 
40 13 0 1 0 0 0.475299 
40 6 0 1 0 0 0.47635 
40 9 0 1 0 0 0.494484 
40 7 0 1 0 0 0.516553 
40 12 0 1 0 0 0.517729 
36 41 1 1 0 0 0.1 
41 35 0 1 0 0 0.186677 
41 34 0 1 0 0 0.279822 
41 32 0 1 0 0 0.358929 
41 29 0 1 0 0 0.365113 
41 33 0 1 0 0 0.412754 
41 11 0 1 0 0 0.429307 
41 8 0 1 0 0 0.501711 
41 4 0 1 0 0 0.582739 
41 16 0 1 0 0 0.634606 
41 17 0 1 0 0 0.638632 
41 13 0 1 0 0 0.650872 
41 2 0 1 0 0 0.653799 
27 42 1 1 0 0 0.1 
42 25 0 1 0 0 0.172912 
42 28 0 1 0 0 0.196058 
42 24 0 1 0 0 0.252453 
42 21 0 1 0 0 0.272174 
42 30 0 1 0 0 0.280397 
42 37 0 1 0 0 0.33522 
42 20 0 1 0 0 0.348191 
42 19 0 1 0 0 0.411438 
42 14 0 1 0 0 0.501047 
42 12 0 1 0 0 0.584664 
42 9 0 1 0 0 0.608286 
42 26 0 1 0 0 0.66676 
41 43 1 1 0 0 0.1 
43 36 0 1 0 0 0.165198 
43 35 0 1 0 0 0.256897 
43 34 0 1 0 0 0.355716 
43 32 0 1 0 0 0.438448 
43 29 0 1 0 0 0.442996 
43 33 0 1 0 0 0.491894 
43 11 0 1 0 0 0.503037 
43 8 0 1 0 0 0.573608 
43 4 0 1 0 0 0.658296 
43 17 0 1 0 0 0.697787 
43 16 0 1 0 0 0.699841 
43 13 0 1 0 0 0.720091 
39 44 1 1 0 0 0.1 
44 38 0 1 0 0 0.192413 
44 26 0 1 0 0 0.280406 
44 23 0 1 0 0 0.350127 
44 22 0 1 0 0 0.436957 
44 17 0 1 0 0 0.522657 
44 16 0 1 0 0 0.59823 
44 13 0 1 0 0 0.682089 
44 20 0 1 0 0 0.682998 
44 9 0 1 0 0 0.701427 
44 12 0 1 0 0 0.713801 
44 19 0 1 0 0 0.716874 
44 21 0 1 0 0 0.72563 
43 45 1 1 0 0 0.1 
45 41 0 1 0 0 0.189207 
45 36 0 1 0 0 0.241718 
45 35 0 1 0 0 0.326602 
45 34 0 1 0 0 0.424943 
45 29 0 1 0 0 0.517057 
45 32 0 1 0 0 0.517711 
45 33 0 1 0 0 0.5583 
45 11 0 1 0 0 0.580498 
45 8 0 1 0 0 0.646767 
45 4 0 1 0 0 0.73575 
45 17 0 1 0 0 0.752162 
45 16 0 1 0 0 0.757787 
42 46 1 1 0 0 0.1 
46 27 0 1 0 0 0.198549 
46 25 0 1 0 0 0.268786 
46 28 0 1 0 0 0.278838 
46 30 0 1 0 0 0.350518 
46 24 0 1 0 0 0.351559 
46 21 0 1 0 0 0.362863 
46 37 0 1 0 0 0.38708 
46 20 0 1 0 0 0.436033 
46 19 0 1 0 0 0.492212 
46 14 0 1 0 0 0.580441 
46 12 0 1 0 0 0.663061 
46 9 0 1 0 0 0.677247 
37 47 1 1 0 0 0.1 
47 30 0 1 0 0 0.176611 
47 28 0 1 0 0 0.265031 
47 25 0 1 0 0 0.361419 
47 27 0 1 0 0 0.397153 
47 42 0 1 0 0 0.40867 
47 24 0 1 0 0 0.422441 
47 46 0 1 0 0 0.448661 
47 21 0 1 0 0 0.468039 
47 20 0 1 0 0 0.497397 
47 19 0 1 0 0 0.550296 
47 14 0 1 0 0 0.639617 
47 12 0 1 0 0 0.703872 
40 48 1 1 0 0 0.1 
48 31 0 1 0 0 0.164242 
48 18 0 1 0 0 0.240842 
48 10 0 1 0 0 0.333634 
48 5 0 1 0 0 0.417593 
48 15 0 1 0 0 0.421352 
48 3 0 1 0 0 0.455723 
48 1 0 1 0 0 0.531051 
48 0 0 1 0 0 0.551239 
48 6 0 1 0 0 0.567693 
48 13 0 1 0 0 0.569367 
48 9 0 1 0 0 0.581455 
48 12 0 1 0 0 0.597574 
48 49 1 1 0 0 0.1 
49 40 0 1 0 0 0.184782 
49 31 0 1 0 0 0.238925 
49 18 0 1 0 0 0.318139 
49 10 0 1 0 0 0.404272 
49 5 0 1 0 0 0.487712 
49 15 0 1 0 0 0.492877 
49 3 0 1 0 0 0.52286 
49 1 0 1 0 0 0.598807 
49 0 0 1 0 0 0.618779 
49 6 0 1 0 0 0.642484 
49 13 0 1 0 0 0.647331 
49 9 0 1 0 0 0.658626 
41 50 1 1 0 0 0.1 
50 43 0 1 0 0 0.164021 
50 36 0 1 0 0 0.171044 
50 45 0 1 0 0 0.243803 
50 35 0 1 0 0 0.248782 
50 34 0 1 0 0 0.329095 
50 32 0 1 0 0 0.382249 
50 29 0 1 0 0 0.406373 
50 33 0 1 0 0 0.447604 
50 11 0 1 0 0 0.472803 
50 8 0 1 0 0 0.549085 
50 4 0 1 0 0 0.62102 
50 16 0 1 0 0 0.668498 
44 51 1 1 0 0 0.1 
51 39 0 1 0 0 0.141558 
51 38 0 1 0 0 0.230817 
51 26 0 1 0 0 0.314868 
51 23 0 1 0 0 0.376072 
51 22 0 1 0 0 0.459856 
51 17 0 1 0 0 0.547895 
51 16 0 1 0 0 0.621814 
51 13 0 1 0 0 0.704355 
51 9 0 1 0 0 0.742774 
51 20 0 1 0 0 0.755468 
51 12 0 1 0 0 0.761415 
51 6 0 1 0 0 0.770886 
51 52 1 1 0 0 0.1 
52 44 0 1 0 0 0.163868 
52 39 0 1 0 0 0.221794 
52 38 0 1 0 0 0.308627 
52 26 0 1 0 0 0.387587 
52 23 0 1 0 0 0.440766 
52 22 0 1 0 0 0.527672 
52 17 0 1 0 0 0.617316 
52 16 0 1 0 0 0.692874 
52 13 0 1 0 0 0.776258 
52 9 0 1 0 0 0.816795 
52 20 0 1 0 0 0.82591 
52 12 0 1 0 0 0.83588 
49 53 1 1 0 0 0.1 
53 48 0 1 0 0 0.162088 
53 40 0 1 0 0 0.250176 
53 31 0 1 0 0 0.319575 
53 18 0 1 0 0 0.399774 
53 10 0 1 0 0 0.48909 
53 5 0 1 0 0 0.573495 
53 15 0 1 0 0 0.579637 
53 3 0 1 0 0 0.604722 
53 1 0 1 0 0 0.677052 
53 0 0 1 0 0 0.697858 
53 13 0 1 0 0 0.710699 
53 6 0 1 0 0 0.716057 
53 9 0 1 0 0 0.729892 
33 54 1 1 0 0 0.1 
54 29 0 1 0 0 0.190764 
54 32 0 1 0 0 0.194712 
54 34 0 1 0 0 0.207319 
54 11 0 1 0 0 0.266354 
54 35 0 1 0 0 0.289174 
54 8 0 1 0 0 0.324855 
54 36 0 1 0 0 0.374819 
54 4 0 1 0 0 0.381864 
54 2 0 1 0 0 0.436029 
54 41 0 1 0 0 0.446011 
54 50 0 1 0 0 0.466015 
54 0 0 1 0 0 0.504753 
54 13 0 1 0 0 0.527434 
51 55 1 1 0 0 0.1 
55 52 0 1 0 0 0.161114 
55 44 0 1 0 0 0.169826 
55 39 0 1 0 0 0.202411 
55 38 0 1 0 0 0.287455 
55 26 0 1 0 0 0.363708 
55 23 0 1 0 0 0.431509 
55 22 0 1 0 0 0.506151 
55 17 0 1 0 0 0.586986 
55 16 0 1 0 0 0.660786 
55 13 0 1 0 0 0.742754 
55 9 0 1 0 0 0.786268 
55 20 0 1 0 0 0.804765 
55 12 0 1 0 0 0.80825 
53 56 1 1 0 0 0.1 
56 49 0 1 0 0 0.186577 
56 48 0 1 0 0 0.240925 
56 40 0 1 0 0 0.331209 
56 31 0 1 0 0 0.393415 
56 18 0 1 0 0 0.478153 
56 10 0 1 0 0 0.572113 
56 5 0 1 0 0 0.656135 
56 15 0 1 0 0 0.656332 
56 3 0 1 0 0 0.69289 
56 1 0 1 0 0 0.763701 
56 0 0 1 0 0 0.783574 
56 13 0 1 0 0 0.789412 
56 6 0 1 0 0 0.797074 
55 57 1 1 0 0 0.1 
57 51 0 1 0 0 0.189111 
57 52 0 1 0 0 0.211742 
57 44 0 1 0 0 0.25813 
57 39 0 1 0 0 0.297515 
57 38 0 1 0 0 0.383297 
57 26 0 1 0 0 0.453348 
57 23 0 1 0 0 0.521746 
57 22 0 1 0 0 0.592824 
57 17 0 1 0 0 0.668977 
57 16 0 1 0 0 0.744212 
57 13 0 1 0 0 0.826731 
57 9 0 1 0 0 0.874306 
57 20 0 1 0 0 0.893674 
56 58 1 1 0 0 0.1 
58 53 0 1 0 0 0.192985 
58 49 0 1 0 0 0.282983 
58 48 0 1 0 0 0.330378 
58 40 0 1 0 0 0.415305 
58 31 0 1 0 0 0.477814 
58 18 0 1 0 0 0.565046 
58 10 0 1 0 0 0.660181 
58 15 0 1 0 0 0.744687 
58 5 0 1 0 0 0.746166 
58 3 0 1 0 0 0.781936 
58 1 0 1 0 0 0.852317 
58 13 0 1 0 0 0.86692 
58 0 0 1 0 0 0.874831 
45 59 1 1 0 0 0.1 
59 43 0 1 0 0 0.153173 
59 41 0 1 0 0 0.243783 
59 50 0 1 0 0 0.291111 
59 36 0 1 0 0 0.312032 
59 35 0 1 0 0 0.394588 
59 34 0 1 0 0 0.491103 
59 29 0 1 0 0 0.58014 
59 32 0 1 0 0 0.585467 
59 33 0 1 0 0 0.627505 
59 11 0 1 0 0 0.635479 
59 54 0 1 0 0 0.663191 
59 8 0 1 0 0 0.698175 
59 4 0 1 0 0 0.784875 
59 60 1 1 0 0 0.1 
60 45 0 1 0 0 0.152994 
60 43 0 1 0 0 0.194412 
60 41 0 1 0 0 0.277885 
60 50 0 1 0 0 0.304325 
60 36 0 1 0 0 0.351051 
60 35 0 1 0 0 0.433686 
60 34 0 1 0 0 0.528756 
60 32 0 1 0 0 0.614554 
60 29 0 1 0 0 0.619085 
60 33 0 1 0 0 0.65951 
60 11 0 1 0 0 0.679556 
60 54 0 1 0 0 0.683669 
60 8 0 1 0 0 0.750442 
57 61 1 1 0 0 0.1 
61 55 0 1 0 0 0.182797 
61 51 0 1 0 0 0.2627 
61 52 0 1 0 0 0.266701 
61 44 0 1 0 0 0.34481 
61 39 0 1 0 0 0.37714 
61 38 0 1 0 0 0.457418 
61 26 0 1 0 0 0.524421 
61 23 0 1 0 0 0.583003 
61 22 0 1 0 0 0.651514 
61 17 0 1 0 0 0.727003 
61 16 0 1 0 0 0.798209 
61 13 0 1 0 0 0.877466 
61 9 0 1 0 0 0.933593 
59 62 1 1 0 0 0.1 
62 60 0 1 0 0 0.148205 
62 45 0 1 0 0 0.193465 
62 43 0 1 0 0 0.24883 
62 41 0 1 0 0 0.333554 
62 50 0 1 0 0 0.377841 
62 36 0 1 0 0 0.403623 
62 35 0 1 0 0 0.481339 
62 34 0 1 0 0 0.574926 
62 29 0 1 0 0 0.662179 
62 32 0 1 0 0 0.674575 
62 33 0 1 0 0 0.711642 
62 11 0 1 0 0 0.711984 
62 54 0 1 0 0 0.750145 
62 63 1 1 0 0 0.1 
63 59 0 1 0 0 0.162706 
63 60 0 1 0 0 0.177626 
63 45 0 1 0 0 0.257687 
63 43 0 1 0 0 0.296074 
63 41 0 1 0 0 0.38091 
63 50 0 1 0 0 0.411859 
63 36 0 1 0 0 0.455606 
63 35 0 1 0 0 0.538838 
63 34 0 1 0 0 0.633365 
63 29 0 1 0 0 0.715592 
63 32 0 1 0 0 0.720262 
63 11 0 1 0 0 0.759188 
63 33 0 1 0 0 0.77189 
61 64 1 1 0 0 0.1 
64 57 0 1 0 0 0.192083 
64 55 0 1 0 0 0.279383 
64 52 0 1 0 0 0.355288 
64 51 0 1 0 0 0.358762 
64 44 0 1 0 0 0.441297 
64 39 0 1 0 0 0.468586 
64 38 0 1 0 0 0.545447 
64 26 0 1 0 0 0.605183 
64 23 0 1 0 0 0.660794 
64 22 0 1 0 0 0.724161 
64 17 0 1 0 0 0.794394 
64 16 0 1 0 0 0.864941 
64 13 0 1 0 0 0.943317 
64 65 1 1 0 0 0.1 
65 61 0 1 0 0 0.166292 
65 57 0 1 0 0 0.245542 
65 55 0 1 0 0 0.339863 
65 52 0 1 0 0 0.390601 
65 51 0 1 0 0 0.412618 
65 44 0 1 0 0 0.49002 
65 39 0 1 0 0 0.532005 
65 38 0 1 0 0 0.616736 
65 26 0 1 0 0 0.680701 
65 23 0 1 0 0 0.739208 
65 22 0 1 0 0 0.807358 
65 17 0 1 0 0 0.879454 
65 16 0 1 0 0 0.953117 
65 66 1 1 0 0 0.1 
66 64 0 1 0 0 0.162676 
66 61 0 1 0 0 0.241293 
66 57 0 1 0 0 0.313604 
66 55 0 1 0 0 0.408943 
66 52 0 1 0 0 0.459318 
66 51 0 1 0 0 0.482842 
66 44 0 1 0 0 0.559996 
66 39 0 1 0 0 0.598843 
66 38 0 1 0 0 0.680869 
66 26 0 1 0 0 0.73696 
66 23 0 1 0 0 0.79818 
66 22 0 1 0 0 0.860122 
66 17 0 1 0 0 0.927347 
62 67 1 1 0 0 0.1 
67 59 0 1 0 0 0.151677 
67 63 0 1 0 0 0.159155 
67 60 0 1 0 0 0.18316 
67 45 0 1 0 0 0.21532 
67 43 0 1 0 0 0.297405 
67 41 0 1 0 0 0.389396 
67 50 0 1 0 0 0.437105 
67 36 0 1 0 0 0.447642 
67 35 0 1 0 0 0.524078 
67 34 0 1 0 0 0.618483 
67 29 0 1 0 0 0.70894 
67 32 0 1 0 0 0.720762 
67 33 0 1 0 0 0.752315 
58 68 1 1 0 0 0.1 
68 56 0 1 0 0 0.193156 
68 53 0 1 0 0 0.284256 
68 49 0 1 0 0 0.376036 
68 48 0 1 0 0 0.428347 
68 40 0 1 0 0 0.511526 
68 31 0 1 0 0 0.575312 
68 18 0 1 0 0 0.662409 
68 10 0 1 0 0 0.757065 
68 5 0 1 0 0 0.843568 
68 15 0 1 0 0 0.843898 
68 3 0 1 0 0 0.877141 
68 1 0 1 0 0 0.945548 
68 13 0 1 0 0 0.955411 
60 69 1 1 0 0 0.1 
69 59 0 1 0 0 0.190227 
69 62 0 1 0 0 0.199 
69 63 0 1 0 0 0.210129 
69 67 0 1 0 0 0.215747 
69 45 0 1 0 0 0.244168 
69 43 0 1 0 0 0.288238 
69 41 0 1 0 0 0.362405 
69 50 0 1 0 0 0.374901 
69 36 0 1 0 0 0.438273 
69 35 0 1 0 0 0.516988 
69 34 0 1 0 0 0.608685 
69 32 0 1 0 0 0.693807 
69 29 0 1 0 0 0.700184 
66 70 1 1 0 0 0.1 
70 65 0 1 0 0 0.174109 
70 64 0 1 0 0 0.222607 
70 61 0 1 0 0 0.315222 
70 57 0 1 0 0 0.398426 
70 55 0 1 0 0 0.491113 
70 52 0 1 0 0 0.54219 
70 51 0 1 0 0 0.565178 
70 44 0 1 0 0 0.647287 
70 39 0 1 0 0 0.679766 
70 38 0 1 0 0 0.757123 
70 26 0 1 0 0 0.809869 
70 23 0 1 0 0 0.865393 
70 22 0 1 0 0 0.923249 
70 71 1 1 0 0 0.1 
71 66 0 1 0 0 0.150515 
71 65 0 1 0 0 0.208068 
71 64 0 1 0 0 0.270131 
71 61 0 1 0 0 0.3623 
71 57 0 1 0 0 0.440628 
71 55 0 1 0 0 0.537017 
71 52 0 1 0 0 0.591555 
71 51 0 1 0 0 0.613559 
71 44 0 1 0 0 0.688693 
71 39 0 1 0 0 0.723941 
71 38 0 1 0 0 0.804805 
71 26 0 1 0 0 0.858673 
71 23 0 1 0 0 0.915793 
67 72 1 1 0 0 0.1 
72 62 0 1 0 0 0.191809 
72 63 0 1 0 0 0.235312 
72 59 0 1 0 0 0.245524 
72 60 0 1 0 0 0.265017 
72 69 0 1 0 0 0.27249 
72 45 0 1 0 0 0.293767 
72 43 0 1 0 0 0.384801 
72 41 0 1 0 0 0.475192 
72 50 0 1 0 0 0.518933 
72 36 0 1 0 0 0.530225 
72 35 0 1 0 0 0.605067 
72 34 0 1 0 0 0.698406 
72 29 0 1 0 0 0.790767 
71 73 1 1 0 0 0.1 
73 70 0 1 0 0 0.156776 
73 66 0 1 0 0 0.235304 
73 65 0 1 0 0 0.302522 
73 64 0 1 0 0 0.356421 
73 61 0 1 0 0 0.452138 
73 57 0 1 0 0 0.532581 
73 55 0 1 0 0 0.628452 
73 52 0 1 0 0 0.685858 
73 51 0 1 0 0 0.70663 
73 44 0 1 0 0 0.783626 
73 39 0 1 0 0 0.815628 
73 38 0 1 0 0 0.893408 
73 26 0 1 0 0 0.94373 
73 23 0 1 0 0 0.999455 
73 74 1 1 0 0 0.1 
74 71 0 1 0 0 0.169444 
74 70 0 1 0 0 0.249491 
74 66 0 1 0 0 0.314765 
74 65 0 1 0 0 0.371961 
74 64 0 1 0 0 0.431321 
74 61 0 1 0 0 0.524096 
74 57 0 1 0 0 0.600567 
74 55 0 1 0 0 0.698023 
74 52 0 1 0 0 0.758332 
74 51 0 1 0 0 0.778022 
74 44 0 1 0 0 0.849826 
74 39 0 1 0 0 0.884696 
74 38 0 1 0 0 0.964646 
74 26 0 1 0 0 1.01652 
74 75 1 1 0 0 0.1 
75 73 0 1 0 0 0.192237 
75 71 0 1 0 0 0.241274 
75 70 0 1 0 0 0.331192 
75 66 0 1 0 0 0.383636 
75 65 0 1 0 0 0.428558 
75 64 0 1 0 0 0.484174 
75 61 0 1 0 0 0.572891 
75 57 0 1 0 0 0.643693 
75 55 0 1 0 0 0.740503 
75 52 0 1 0 0 0.809463 
75 51 0 1 0 0 0.823244 
75 44 0 1 0 0 0.888696 
75 39 0 1 0 0 0.922828 
75 38 0 1 0 0 1.00271 
74 76 1 1 0 0 0.1 
76 75 0 1 0 0 0.14138 
76 73 0 1 0 0 0.165416 
76 71 0 1 0 0 0.221879 
76 70 0 1 0 0 0.298321 
76 66 0 1 0 0 0.35062 
76 65 0 1 0 0 0.415206 
76 64 0 1 0 0 0.487073 
76 61 0 1 0 0 0.574094 
76 57 0 1 0 0 0.643324 
76 55 0 1 0 0 0.742383 
76 52 0 1 0 0 0.793094 
76 51 0 1 0 0 0.819519 
76 44 0 1 0 0 0.887237 
76 39 0 1 0 0 0.929332 
75 77 1 1 0 0 0.1 
77 74 0 1 0 0 0.159545 
77 76 0 1 0 0 0.17484 
77 73 0 1 0 0 0.245095 
77 71 0 1 0 0 0.311947 
77 70 0 1 0 0 0.393441 
77 66 0 1 0 0 0.451187 
77 65 0 1 0 0 0.507408 
77 64 0 1 0 0 0.557233 
77 61 0 1 0 0 0.648039 
77 57 0 1 0 0 0.716585 
77 55 0 1 0 0 0.813158 
77 52 0 1 0 0 0.886496 
77 51 0 1 0 0 0.897677 
77 44 0 1 0 0 0.962557 
72 78 1 1 0 0 0.1 
78 67 0 1 0 0 0.17718 
78 62 0 1 0 0 0.248485 
78 63 0 1 0 0 0.26873 
78 59 0 1 0 0 0.323198 
78 69 0 1 0 0 0.340125 
78 60 0 1 0 0 0.343731 
78 45 0 1 0 0 0.382696 
78 43 0 1 0 0 0.468515 
78 41 0 1 0 0 0.557764 
78 50 0 1 0 0 0.598812 
78 36 0 1 0 0 0.616715 
78 35 0 1 0 0 0.691806 
78 34 0 1 0 0 0.784565 
78 29 0 1 0 0 0.87505 
76 79 1 1 0 0 0.1 
79 74 0 1 0 0 0.159412 
79 75 0 1 0 0 0.179437 
79 77 0 1 0 0 0.1992 
79 73 0 1 0 0 0.226763 
79 71 0 1 0 0 0.288701 
79 70 0 1 0 0 0.354706 
79 66 0 1 0 0 0.408289 
79 65 0 1 0 0 0.470255 
79 64 0 1 0 0 0.542365 
79 61 0 1 0 0 0.627078 
79 57 0 1 0 0 0.696324 
79 55 0 1 0 0 0.795997 
79 52 0 1 0 0 0.851425 
79 51 0 1 0 0 0.875889 
69 80 1 1 0 0 0.1 
80 60 0 1 0 0 0.156312 
80 63 0 1 0 0 0.234938 
80 59 0 1 0 0 0.246641 
80 62 0 1 0 0 0.259075 
80 67 0 1 0 0 0.277268 
80 45 0 1 0 0 0.29499 
80 43 0 1 0 0 0.326169 
80 72 0 1 0 0 0.328087 
80 78 0 1 0 0 0.385988 
80 50 0 1 0 0 0.39263 
80 41 0 1 0 0 0.398147 
80 36 0 1 0 0 0.47583 
80 35 0 1 0 0 0.561282 
80 34 0 1 0 0 0.654181 
56 81 1 1 0 0 0.1 
81 58 0 1 0 0 0.141435 
81 53 0 1 0 0 0.160088 
81 49 0 1 0 0 0.219021 
81 68 0 1 0 0 0.222843 
81 48 0 1 0 0 0.269973 
81 40 0 1 0 0 0.367499 
81 31 0 1 0 0 0.41454 
81 18 0 1 0 0 0.50011 
81 10 0 1 0 0 0.59499 
81 15 0 1 0 0 0.659399 
81 5 0 1 0 0 0.6734 
81 3 0 1 0 0 0.721127 
81 1 0 1 0 0 0.796108 
81 0 0 1 0 0 0.806813 
52 82 1 1 0 0 0.1 
82 51 0 1 0 0 0.182381 
82 44 0 1 0 0 0.226847 
82 55 0 1 0 0 0.245817 
82 39 0 1 0 0 0.281512 
82 57 0 1 0 0 0.285543 
82 61 0 1 0 0 0.321399 
82 38 0 1 0 0 0.361049 
82 64 0 1 0 0 0.400782 
82 65 0 1 0 0 0.424208 
82 26 0 1 0 0 0.440322 
82 23 0 1 0 0 0.478076 
82 66 0 1 0 0 0.498488 
82 22 0 1 0 0 0.570795 
82 70 0 1 0 0 0.576036 
79 83 1 1 0 0 0.1 
83 76 0 1 0 0 0.181231 
83 74 0 1 0 0 0.219862 
83 77 0 1 0 0 0.236333 
83 75 0 1 0 0 0.240749 
83 73 0 1 0 0 0.280057 
83 71 0 1 0 0 0.358121 
83 70 0 1 0 0 0.411658 
83 66 0 1 0 0 0.477985 
83 65 0 1 0 0 0.542542 
83 64 0 1 0 0 0.609691 
83 61 0 1 0 0 0.697469 
83 57 0 1 0 0 0.771763 
83 55 0 1 0 0 0.870578 
83 52 0 1 0 0 0.926525 
78 84 1 1 0 0 0.1 
84 72 0 1 0 0 0.188504 
84 67 0 1 0 0 0.251647 
84 62 0 1 0 0 0.307042 
84 63 0 1 0 0 0.310339 
84 69 0 1 0 0 0.385749 
84 59 0 1 0 0 0.393715 
84 60 0 1 0 0 0.404805 
84 80 0 1 0 0 0.427978 
84 45 0 1 0 0 0.464691 
84 43 0 1 0 0 0.544719 
84 41 0 1 0 0 0.632867 
84 50 0 1 0 0 0.672989 
84 36 0 1 0 0 0.695569 
84 35 0 1 0 0 0.768513 
84 85 1 1 0 0 0.1 
85 78 0 1 0 0 0.196496 
85 72 0 1 0 0 0.285845 
85 67 0 1 0 0 0.349151 
85 63 0 1 0 0 0.392296 
85 62 0 1 0 0 0.397642 
85 69 0 1 0 0 0.462342 
85 59 0 1 0 0 0.487622 
85 60 0 1 0 0 0.4926 
85 80 0 1 0 0 0.499355 
85 45 0 1 0 0 0.561779 
85 43 0 1 0 0 0.639787 
85 41 0 1 0 0 0.726313 
85 50 0 1 0 0 0.763837 
85 36 0 1 0 0 0.791427 
82 86 1 1 0 0 0.1 
86 52 0 1 0 0 0.188845 
86 51 0 1 0 0 0.277731 
86 44 0 1 0 0 0.318838 
86 55 0 1 0 0 0.331025 
86 57 0 1 0 0 0.352922 
86 61 0 1 0 0 0.372005 
86 39 0 1 0 0 0.379434 
86 64 0 1 0 0 0.439275 
86 65 0 1 0 0 0.443904 
86 38 0 1 0 0 0.456681 
86 66 0 1 0 0 0.516632 
86 26 0 1 0 0 0.535646 
86 23 0 1 0 0 0.567821 
86 70 0 1 0 0 0.589189 
83 87 1 1 0 0 0.1 
87 79 0 1 0 0 0.168805 
87 76 0 1 0 0 0.243521 
87 77 0 1 0 0 0.260743 
87 74 0 1 0 0 0.279763 
87 75 0 1 0 0 0.293736 
87 73 0 1 0 0 0.332235 
87 71 0 1 0 0 0.414983 
87 70 0 1 0 0 0.460629 
87 66 0 1 0 0 0.526282 
87 65 0 1 0 0 0.598479 
87 64 0 1 0 0 0.658301 
87 61 0 1 0 0 0.746044 
87 57 0 1 0 0 0.816645 
87 55 0 1 0 0 0.915158 
87 88 1 1 0 0 0.1 
88 83 0 1 0 0 0.187902 
88 79 0 1 0 0 0.248541 
88 77 0 1 0 0 0.282511 
88 76 0 1 0 0 0.308953 
88 74 0 1 0 0 0.32337 
88 75 0 1 0 0 0.33224 
88 73 0 1 0 0 0.367042 
88 71 0 1 0 0 0.454106 
88 70 0 1 0 0 0.492199 
88 66 0 1 0 0 0.561531 
88 65 0 1 0 0 0.635736 
88 64 0 1 0 0 0.683221 
88 61 0 1 0 0 0.77244 
88 57 0 1 0 0 0.842847 
88 89 1 1 0 0 0.1 
89 87 0 1 0 0 0.172718 
89 83 0 1 0 0 0.257811 
89 79 0 1 0 0 0.332156 
89 77 0 1 0 0 0.351667 
89 76 0 1 0 0 0.397637 
89 75 0 1 0 0 0.409511 
89 74 0 1 0 0 0.410747 
89 73 0 1 0 0 0.459029 
89 71 0 1 0 0 0.548502 
89 70 0 1 0 0 0.586508 
89 66 0 1 0 0 0.658653 
89 65 0 1 0 0 0.73083 
89 64 0 1 0 0 0.776098 
89 61 0 1 0 0 0.865776 
86 90 1 1 0 0 0.1 
90 82 0 1 0 0 0.160532 
90 52 0 1 0 0 0.229438 
90 51 0 1 0 0 0.316432 
90 44 0 1 0 0 0.344569 
90 55 0 1 0 0 0.380542 
90 39 0 1 0 0 0.410121 
90 57 0 1 0 0 0.411037 
90 61 0 1 0 0 0.438538 
90 38 0 1 0 0 0.480017 
90 64 0 1 0 0 0.509804 
90 65 0 1 0 0 0.512391 
90 26 0 1 0 0 0.558105 
90 66 0 1 0 0 0.578819 
90 23 0 1 0 0 0.590145 
77 91 1 1 0 0 0.1 
91 75 0 1 0 0 0.176896 
91 76 0 1 0 0 0.243612 
91 74 0 1 0 0 0.248256 
91 79 0 1 0 0 0.266092 
91 83 0 1 0 0 0.296657 
91 87 0 1 0 0 0.313237 
91 88 0 1 0 0 0.333625 
91 73 0 1 0 0 0.33516 
91 89 0 1 0 0 0.385655 
91 71 0 1 0 0 0.395596 
91 70 0 1 0 0 0.48165 
91 66 0 1 0 0 0.533922 
91 65 0 1 0 0 0.587416 
91 64 0 1 0 0 0.638136 
89 92 1 1 0 0 0.1 
92 88 0 1 0 0 0.150674 
92 87 0 1 0 0 0.213285 
92 83 0 1 0 0 0.307703 
92 79 0 1 0 0 0.366603 
92 77 0 1 0 0 0.38463 
92 91 0 1 0 0 0.406622 
92 76 0 1 0 0 0.433668 
92 75 0 1 0 0 0.448383 
92 74 0 1 0 0 0.458864 
92 73 0 1 0 0 0.510434 
92 71 0 1 0 0 0.593313 
92 70 0 1 0 0 0.634358 
92 66 0 1 0 0 0.696621 
92 65 0 1 0 0 0.770452 
12 93 1 1 0 0 0.1 
93 14 0 1 0 0 0.170198 
93 9 0 1 0 0 0.192209 
93 19 0 1 0 0 0.237588 
93 7 0 1 0 0 0.25449 
93 6 0 1 0 0 0.276954 
93 20 0 1 0 0 0.283075 
93 13 0 1 0 0 0.311415 
93 1 0 1 0 0 0.321189 
93 16 0 1 0 0 0.353236 
93 0 0 1 0 0 0.361513 
93 3 0 1 0 0 0.368829 
93 5 0 1 0 0 0.372454 
93 21 0 1 0 0 0.37726 
93 10 0 1 0 0 0.399829 
80 94 1 1 0 0 0.1 
94 69 0 1 0 0 0.167516 
94 60 0 1 0 0 0.243704 
94 63 0 1 0 0 0.328796 
94 59 0 1 0 0 0.338037 
94 62 0 1 0 0 0.350147 
94 67 0 1 0 0 0.358589 
94 45 0 1 0 0 0.375552 
94 72 0 1 0 0 0.392943 
94 43 0 1 0 0 0.405818 
94 78 0 1 0 0 0.445907 
94 50 0 1 0 0 0.450315 
94 41 0 1 0 0 0.468212 
94 84 0 1 0 0 0.479991 
94 85 0 1 0 0 0.540635 
91 95 1 1 0 0 0.1 
95 77 0 1 0 0 0.191376 
95 75 0 1 0 0 0.243497 
95 76 0 1 0 0 0.300621 
95 74 0 1 0 0 0.316741 
95 79 0 1 0 0 0.329211 
95 83 0 1 0 0 0.362811 
95 87 0 1 0 0 0.38802 
95 73 0 1 0 0 0.404492 
95 88 0 1 0 0 0.418389 
95 71 0 1 0 0 0.455039 
95 89 0 1 0 0 0.462544 
95 92 0 1 0 0 0.47884 
95 70 0 1 0 0 0.546445 
95 66 0 1 0 0 0.592652 
92 96 1 1 0 0 0.1 
96 89 0 1 0 0 0.149139 
96 88 0 1 0 0 0.228268 
96 87 0 1 0 0 0.276445 
96 83 0 1 0 0 0.360442 
96 79 0 1 0 0 0.428785 
96 77 0 1 0 0 0.452023 
96 91 0 1 0 0 0.465053 
96 76 0 1 0 0 0.504654 
96 75 0 1 0 0 0.512862 
96 95 0 1 0 0 0.527799 
96 74 0 1 0 0 0.530345 
96 73 0 1 0 0 0.588243 
96 71 0 1 0 0 0.671559 
96 70 0 1 0 0 0.715112 
95 97 1 1 0 0 0.1 
97 91 0 1 0 0 0.185771 
97 77 0 1 0 0 0.26754 
97 75 0 1 0 0 0.298495 
97 76 0 1 0 0 0.364302 
97 74 0 1 0 0 0.37839 
97 79 0 1 0 0 0.38535 
97 83 0 1 0 0 0.415926 
97 87 0 1 0 0 0.451437 
97 73 0 1 0 0 0.470009 
97 88 0 1 0 0 0.488078 
97 71 0 1 0 0 0.513608 
97 89 0 1 0 0 0.523547 
97 92 0 1 0 0 0.541474 
97 96 0 1 0 0 0.576731 
68 98 1 1 0 0 0.1 
98 58 0 1 0 0 0.192139 
98 56 0 1 0 0 0.289494 
98 81 0 1 0 0 0.311932 
98 53 0 1 0 0 0.378345 
98 49 0 1 0 0 0.472109 
98 48 0 1 0 0 0.519115 
98 40 0 1 0 0 0.598824 
98 31 0 1 0 0 0.664332 
98 18 0 1 0 0 0.751321 
98 10 0 1 0 0 0.846234 
98 15 0 1 0 0 0.933206 
98 5 0 1 0 0 0.933422 
98 3 0 1 0 0 0.965396 
98 1 0 1 0 0 1.0329 
85 99 1 1 0 0 0.1 
99 84 0 1 0 0 0.189786 
99 78 0 1 0 0 0.280554 
99 72 0 1 0 0 0.363585 
99 67 0 1 0 0 0.429465 
99 63 0 1 0 0 0.465289 
99 62 0 1 0 0 0.477882 
99 69 0 1 0 0 0.512231 
99 80 0 1 0 0 0.540403 
99 60 0 1 0 0 0.557072 
99 59 0 1 0 0 0.56529 
99 94 0 1 0 0 0.56607 
99 45 0 1 0 0 0.639639 
99 43 0 1 0 0 0.71774 
99 41 0 1 0 0 0.804363 
99 50 0 1 0 0 0.836043 
99 100 1 1 0 0 0.1 
100 85 0 1 0 0 0.184176 
100 84 0 1 0 0 0.280808 
100 78 0 1 0 0 0.37401 
100 72 0 1 0 0 0.460685 
100 67 0 1 0 0 0.523235 
100 63 0 1 0 0 0.544663 
100 62 0 1 0 0 0.565333 
100 69 0 1 0 0 0.599871 
100 80 0 1 0 0 0.62199 
100 94 0 1 0 0 0.643459 
100 60 0 1 0 0 0.647033 
100 59 0 1 0 0 0.655716 
100 45 0 1 0 0 0.733594 
100 43 0 1 0 0 0.808592 
100 41 0 1 0 0 0.894384 
100 101 1 1 0 0 0.1 
101 99 0 1 0 0 0.186596 
101 85 0 1 0 0 0.277398 
101 84 0 1 0 0 0.371513 
101 78 0 1 0 0 0.45928 
101 72 0 1 0 0 0.545039 
101 67 0 1 0 0 0.611834 
101 63 0 1 0 0 0.632233 
101 62 0 1 0 0 0.655527 
101 69 0 1 0 0 0.677015 
101 80 0 1 0 0 0.692316 
101 94 0 1 0 0 0.703711 
101 60 0 1 0 0 0.730077 
101 59 0 1 0 0 0.743678 
101 45 0 1 0 0 0.819543 
101 43 0 1 0 0 0.89571 
98 102 1 1 0 0 0.1 
102 68 0 1 0 0 0.183796 
102 58 0 1 0 0 0.276655 
102 56 0 1 0 0 0.371251 
102 81 0 1 0 0 0.386289 
102 53 0 1 0 0 0.464269 
102 49 0 1 0 0 0.556753 
102 48 0 1 0 0 0.602168 
102 40 0 1 0 0 0.682559 
102 31 0 1 0 0 0.746106 
102 18 0 1 0 0 0.831555 
102 10 0 1 0 0 0.927937 
102 15 0 1 0 0 1.0119 
102 5 0 1 0 0 1.01306 
102 3 0 1 0 0 1.04757 
102 13 0 1 0 0 1.10893 
96 103 1 1 0 0 0.1 
103 92 0 1 0 0 0.17393 
103 89 0 1 0 0 0.22713 
103 88 0 1 0 0 0.296849 
103 87 0 1 0 0 0.322612 
103 83 0 1 0 0 0.402087 
103 79 0 1 0 0 0.471318 
103 77 0 1 0 0 0.519459 
103 91 0 1 0 0 0.527112 
103 76 0 1 0 0 0.552251 
103 75 0 1 0 0 0.576688 
103 95 0 1 0 0 0.58 
103 74 0 1 0 0 0.591461 
103 97 0 1 0 0 0.623512 
103 73 0 1 0 0 0.65029 
103 71 0 1 0 0 0.731318 
103 104 1 1 0 0 0.1 
104 96 0 1 0 0 0.169688 
104 92 0 1 0 0 0.25708 
104 89 0 1 0 0 0.308539 
104 88 0 1 0 0 0.385161 
104 87 0 1 0 0 0.40947 
104 83 0 1 0 0 0.482185 
104 79 0 1 0 0 0.55036 
104 91 0 1 0 0 0.579763 
104 77 0 1 0 0 0.585005 
104 95 0 1 0 0 0.621948 
104 76 0 1 0 0 0.630528 
104 75 0 1 0 0 0.645596 
104 97 0 1 0 0 0.654855 
104 74 0 1 0 0 0.669837 
104 73 0 1 0 0 0.735166 
94 105 1 1 0 0 0.1 
105 80 0 1 0 0 0.149855 
105 69 0 1 0 0 0.243607 
105 60 0 1 0 0 0.302686 
105 63 0 1 0 0 0.356297 
105 59 0 1 0 0 0.388997 
105 62 0 1 0 0 0.398788 
105 67 0 1 0 0 0.408489 
105 45 0 1 0 0 0.427522 
105 72 0 1 0 0 0.440677 
105 43 0 1 0 0 0.451666 
105 78 0 1 0 0 0.484024 
105 50 0 1 0 0 0.48887 
105 41 0 1 0 0 0.514972 
105 84 0 1 0 0 0.515316 
105 85 0 1 0 0 0.571881 
101 106 1 1 0 0 0.1 
106 100 0 1 0 0 0.166638 
106 99 0 1 0 0 0.261207 
106 85 0 1 0 0 0.338548 
106 84 0 1 0 0 0.43654 
106 78 0 1 0 0 0.526376 
106 72 0 1 0 0 0.617546 
106 67 0 1 0 0 0.684019 
106 63 0 1 0 0 0.702499 
106 62 0 1 0 0 0.724949 
106 69 0 1 0 0 0.762543 
106 80 0 1 0 0 0.780865 
106 94 0 1 0 0 0.796792 
106 105 0 1 0 0 0.810071 
106 60 0 1 0 0 0.810593 
106 59 0 1 0 0 0.816749 
106 107 1 1 0 0 0.1 
107 101 0 1 0 0 0.157697 
107 100 0 1 0 0 0.231555 
107 99 0 1 0 0 0.322944 
107 85 0 1 0 0 0.39931 
107 84 0 1 0 0 0.49284 
107 78 0 1 0 0 0.578997 
107 72 0 1 0 0 0.670596 
107 67 0 1 0 0 0.738251 
107 63 0 1 0 0 0.752907 
107 62 0 1 0 0 0.782586 
107 69 0 1 0 0 0.81839 
107 80 0 1 0 0 0.828294 
107 94 0 1 0 0 0.842956 
107 105 0 1 0 0 0.846691 
107 60 0 1 0 0 0.865286 
97 108 1 1 0 0 0.1 
108 95 0 1 0 0 0.16822 
108 91 0 1 0 0 0.261433 
108 77 0 1 0 0 0.353488 
108 75 0 1 0 0 0.393527 
108 76 0 1 0 0 0.448887 
108 79 0 1 0 0 0.466666 
108 74 0 1 0 0 0.471909 
108 83 0 1 0 0 0.492919 
108 87 0 1 0 0 0.51905 
108 88 0 1 0 0 0.552727 
108 73 0 1 0 0 0.562502 
108 89 0 1 0 0 0.578503 
108 92 0 1 0 0 0.585712 
108 71 0 1 0 0 0.605584 
108 96 0 1 0 0 0.613776 
108 109 1 1 0 0 0.1 
109 97 0 1 0 0 0.183897 
109 95 0 1 0 0 0.259338 
109 91 0 1 0 0 0.34426 
109 77 0 1 0 0 0.436264 
109 75 0 1 0 0 0.477077 
109 76 0 1 0 0 0.539826 
109 79 0 1 0 0 0.548604 
109 74 0 1 0 0 0.559772 
109 83 0 1 0 0 0.566759 
109 87 0 1 0 0 0.588685 
109 88 0 1 0 0 0.617189 
109 89 0 1 0 0 0.630471 
109 92 0 1 0 0 0.634102 
109 96 0 1 0 0 0.649233 
109 73 0 1 0 0 0.652573 
109 110 1 1 0 0 0.1 
110 108 0 1 0 0 0.182533 
110 97 0 1 0 0 0.264752 
110 95 0 1 0 0 0.342254 
110 91 0 1 0 0 0.426964 
110 77 0 1 0 0 0.517557 
110 75 0 1 0 0 0.551675 
110 76 0 1 0 0 0.618484 
110 79 0 1 0 0 0.627582 
110 74 0 1 0 0 0.638507 
110 83 0 1 0 0 0.65184 
110 87 0 1 0 0 0.674237 
110 88 0 1 0 0 0.703172 
110 92 0 1 0 0 0.713243 
110 89 0 1 0 0 0.716212 
110 96 0 1 0 0 0.724916 
110 111 1 1 0 0 0.1 
111 109 0 1 0 0 0.180924 
111 108 0 1 0 0 0.25492 
111 97 0 1 0 0 0.330361 
111 95 0 1 0 0 0.398984 
111 91 0 1 0 0 0.473905 
111 77 0 1 0 0 0.56203 
111 75 0 1 0 0 0.596544 
111 76 0 1 0 0 0.665159 
111 79 0 1 0 0 0.666337 
111 74 0 1 0 0 0.687665 
111 83 0 1 0 0 0.692086 
111 87 0 1 0 0 0.707328 
111 92 0 1 0 0 0.728142 
111 88 0 1 0 0 0.732718 
111 96 0 1 0 0 0.734782 
104 112 1 1 0 0 0.1 
112 103 0 1 0 0 0.179262 
112 96 0 1 0 0 0.225158 
112 92 0 1 0 0 0.311128 
112 89 0 1 0 0 0.356853 
112 88 0 1 0 0 0.443923 
112 87 0 1 0 0 0.480452 
112 83 0 1 0 0 0.555871 
112 79 0 1 0 0 0.627469 
112 91 0 1 0 0 0.631264 
112 77 0 1 0 0 0.642569 
112 95 0 1 0 0 0.670943 
112 76 0 1 0 0 0.702136 
112 97 0 1 0 0 0.703236 
112 75 0 1 0 0 0.710773 
112 108 0 1 0 0 0.713557 
83 113 1 1 0 0 0.1 
113 87 0 1 0 0 0.140399 
113 79 0 1 0 0 0.153114 
113 76 0 1 0 0 0.219823 
113 88 0 1 0 0 0.234171 
113 74 0 1 0 0 0.281143 
113 89 0 1 0 0 0.296607 
113 77 0 1 0 0 0.313956 
113 75 0 1 0 0 0.318134 
113 73 0 1 0 0 0.324218 
113 92 0 1 0 0 0.338401 
113 91 0 1 0 0 0.365185 
113 96 0 1 0 0 0.38837 
113 71 0 1 0 0 0.396542 
113 103 0 1 0 0 0.409475 
113 95 0 1 0 0 0.419821 
112 114 1 1 0 0 0.1 
114 104 0 1 0 0 0.18108 
114 103 0 1 0 0 0.267764 
114 96 0 1 0 0 0.317545 
114 92 0 1 0 0 0.400846 
114 89 0 1 0 0 0.453037 
114 88 0 1 0 0 0.539428 
114 87 0 1 0 0 0.577302 
114 83 0 1 0 0 0.653467 
114 113 0 1 0 0 0.663394 
114 91 0 1 0 0 0.716875 
114 79 0 1 0 0 0.722332 
114 77 0 1 0 0 0.733389 
114 95 0 1 0 0 0.751982 
114 97 0 1 0 0 0.780876 
114 108 0 1 0 0 0.782804 
102 115 1 1 0 0 0.1 
115 98 0 1 0 0 0.167414 
115 68 0 1 0 0 0.256123 
115 58 0 1 0 0 0.342381 
115 56 0 1 0 0 0.440046 
115 81 0 1 0 0 0.440635 
115 53 0 1 0 0 0.534432 
115 49 0 1 0 0 0.62455 
115 48 0 1 0 0 0.666904 
115 40 0 1 0 0 0.747425 
115 31 0 1 0 0 0.806031 
115 18 0 1 0 0 0.894332 
115 10 0 1 0 0 0.991573 
115 15 0 1 0 0 1.06951 
115 5 0 1 0 0 1.07715 
115 3 0 1 0 0 1.11512 
111 116 1 1 0 0 0.1 
116 110 0 1 0 0 0.191913 
116 109 0 1 0 0 0.266181 
116 108 0 1 0 0 0.339793 
116 97 0 1 0 0 0.40657 
116 95 0 1 0 0 0.468356 
116 91 0 1 0 0 0.532109 
116 77 0 1 0 0 0.616742 
116 75 0 1 0 0 0.652825 
116 79 0 1 0 0 0.725694 
116 76 0 1 0 0 0.730066 
116 74 0 1 0 0 0.74772 
116 83 0 1 0 0 0.749571 
116 87 0 1 0 0 0.757788 
116 92 0 1 0 0 0.75807 
116 96 0 1 0 0 0.759175 
107 117 1 1 0 0 0.1 
117 106 0 1 0 0 0.171312 
117 101 0 1 0 0 0.245206 
117 100 0 1 0 0 0.308328 
117 99 0 1 0 0 0.401897 
117 85 0 1 0 0 0.46866 
117 84 0 1 0 0 0.560834 
117 78 0 1 0 0 0.647264 
117 72 0 1 0 0 0.741839 
117 67 0 1 0 0 0.804635 
117 63 0 1 0 0 0.807489 
117 62 0 1 0 0 0.842662 
117 69 0 1 0 0 0.889267 
117 80 0 1 0 0 0.896366 
117 105 0 1 0 0 0.913514 
117 94 0 1 0 0 0.914829 
117 118 1 1 0 0 0.1 
118 107 0 1 0 0 0.17139 
118 106 0 1 0 0 0.248205 
118 101 0 1 0 0 0.300465 
118 100 0 1 0 0 0.362028 
118 99 0 1 0 0 0.451089 
118 85 0 1 0 0 0.51571 
118 84 0 1 0 0 0.601406 
118 78 0 1 0 0 0.683626 
118 72 0 1 0 0 0.776632 
118 63 0 1 0 0 0.823619 
118 67 0 1 0 0 0.834822 
118 62 0 1 0 0 0.868664 
118 80 0 1 0 0 0.906943 
118 69 0 1 0 0 0.9104 
118 105 0 1 0 0 0.911435 
90 119 1 1 0 0 0.1 
119 86 0 1 0 0 0.166468 
119 82 0 1 0 0 0.241008 
119 52 0 1 0 0 0.307896 
119 51 0 1 0 0 0.397571 
119 44 0 1 0 0 0.435693 
119 55 0 1 0 0 0.456686 
119 57 0 1 0 0 0.47902 
119 61 0 1 0 0 0.491752 
119 39 0 1 0 0 0.494693 
119 65 0 1 0 0 0.54804 
119 64 0 1 0 0 0.551844 
119 38 0 1 0 0 0.55875 
119 66 0 1 0 0 0.606651 
119 26 0 1 0 0 0.631844 
119 23 0 1 0 0 0.656751 
116 120 1 1 0 0 0.1 
120 111 0 1 0 0 0.192632 
120 110 0 1 0 0 0.287997 
120 109 0 1 0 0 0.361233 
120 108 0 1 0 0 0.43135 
120 97 0 1 0 0 0.491041 
120 95 0 1 0 0 0.550054 
120 91 0 1 0 0 0.605901 
120 77 0 1 0 0 0.684684 
120 75 0 1 0 0 0.717069 
120 79 0 1 0 0 0.784816 
120 76 0 1 0 0 0.795853 
120 96 0 1 0 0 0.797788 
120 92 0 1 0 0 0.802702 
120 104 0 1 0 0 0.803227 
120 83 0 1 0 0 0.80887 
94 121 1 1 0 0 0.1 
121 105 0 1 0 0 0.153299 
121 80 0 1 0 0 0.186693 
121 69 0 1 0 0 0.231785 
121 60 0 1 0 0 0.310478 
121 59 0 1 0 0 0.406072 
121 63 0 1 0 0 0.411201 
121 67 0 1 0 0 0.413375 
121 62 0 1 0 0 0.422203 
121 45 0 1 0 0 0.430473 
121 72 0 1 0 0 0.433544 
121 43 0 1 0 0 0.467423 
121 78 0 1 0 0 0.488895 
121 50 0 1 0 0 0.511199 
121 84 0 1 0 0 0.52152 
121 41 0 1 0 0 0.527868 
102 122 1 1 0 0 0.1 
122 115 0 1 0 0 0.141991 
122 98 0 1 0 0 0.194002 
122 68 0 1 0 0 0.263599 
122 58 0 1 0 0 0.353483 
122 56 0 1 0 0 0.440381 
122 81 0 1 0 0 0.452409 
122 53 0 1 0 0 0.533495 
122 49 0 1 0 0 0.624921 
122 48 0 1 0 0 0.670779 
122 40 0 1 0 0 0.752482 
122 31 0 1 0 0 0.816377 
122 18 0 1 0 0 0.898132 
122 10 0 1 0 0 0.994892 
122 15 0 1 0 0 1.07649 
122 5 0 1 0 0 1.07657 
107 123 1 1 0 0 0.1 
123 106 0 1 0 0 0.144177 
123 117 0 1 0 0 0.146408 
123 101 0 1 0 0 0.214061 
123 118 0 1 0 0 0.231306 
123 100 0 1 0 0 0.289946 
123 99 0 1 0 0 0.375139 
123 85 0 1 0 0 0.451003 
123 84 0 1 0 0 0.545518 
123 78 0 1 0 0 0.629465 
123 72 0 1 0 0 0.720407 
123 67 0 1 0 0 0.79465 
123 63 0 1 0 0 0.824139 
123 62 0 1 0 0 0.844947 
123 69 0 1 0 0 0.881896 
123 80 0 1 0 0 0.898096 
122 124 1 1 0 0 0.1 
124 115 0 1 0 0 0.179359 
124 102 0 1 0 0 0.182577 
124 98 0 1 0 0 0.278179 
124 68 0 1 0 0 0.356618 
124 58 0 1 0 0 0.449108 
124 56 0 1 0 0 0.53707 
124 81 0 1 0 0 0.545334 
124 53 0 1 0 0 0.629451 
124 49 0 1 0 0 0.721786 
124 48 0 1 0 0 0.768885 
124 40 0 1 0 0 0.850891 
124 31 0 1 0 0 0.915565 
124 18 0 1 0 0 0.997363 
124 10 0 1 0 0 1.09408 
124 15 0 1 0 0 1.17496 
118 125 1 1 0 0 0.1 
125 117 0 1 0 0 0.194894 
125 107 0 1 0 0 0.263509 
125 123 0 1 0 0 0.319318 
125 106 0 1 0 0 0.335671 
125 101 0 1 0 0 0.379841 
125 100 0 1 0 0 0.443113 
125 99 0 1 0 0 0.529868 
125 85 0 1 0 0 0.594323 
125 84 0 1 0 0 0.67601 
125 78 0 1 0 0 0.755289 
125 72 0 1 0 0 0.846247 
125 63 0 1 0 0 0.876467 
125 67 0 1 0 0 0.900117 
125 62 0 1 0 0 0.928622 
125 105 0 1 0 0 0.944021 
114 126 1 1 0 0 0.1 
126 112 0 1 0 0 0.162387 
126 104 0 1 0 0 0.231609 
126 103 0 1 0 0 0.324376 
126 96 0 1 0 0 0.382991 
126 92 0 1 0 0 0.472089 
126 89 0 1 0 0 0.513072 
126 88 0 1 0 0 0.600814 
126 87 0 1 0 0 0.629117 
126 83 0 1 0 0 0.696828 
126 113 0 1 0 0 0.70178 
126 79 0 1 0 0 0.769976 
126 91 0 1 0 0 0.770562 
126 77 0 1 0 0 0.789549 
126 95 0 1 0 0 0.798733 
126 109 0 1 0 0 0.812814 
125 127 1 1 0 0 0.1 
127 118 0 1 0 0 0.151092 
127 117 0 1 0 0 0.226767 
127 107 0 1 0 0 0.300003 
127 106 0 1 0 0 0.359014 
127 123 0 1 0 0 0.361061 
127 101 0 1 0 0 0.405177 
127 100 0 1 0 0 0.45912 
127 99 0 1 0 0 0.548905 
127 85 0 1 0 0 0.611397 
127 84 0 1 0 0 0.694178 
127 78 0 1 0 0 0.77867 
127 72 0 1 0 0 0.868415 
127 63 0 1 0 0 0.879814 
127 67 0 1 0 0 0.914484 
127 62 0 1 0 0 0.935599 
120 128 1 1 0 0 0.1 
128 116 0 1 0 0 0.17942 
128 111 0 1 0 0 0.260623 
128 110 0 1 0 0 0.351288 
128 109 0 1 0 0 0.431464 
128 108 0 1 0 0 0.50942 
128 97 0 1 0 0 0.572524 
128 95 0 1 0 0 0.637974 
128 91 0 1 0 0 0.696741 
128 77 0 1 0 0 0.775222 
128 75 0 1 0 0 0.804775 
128 104 0 1 0 0 0.860943 
128 79 0 1 0 0 0.867063 
128 96 0 1 0 0 0.869428 
128 76 0 1 0 0 0.88134 
128 92 0 1 0 0 0.881778 
128 129 1 1 0 0 0.1 
129 120 0 1 0 0 0.183846 
129 116 0 1 0 0 0.262175 
129 111 0 1 0 0 0.338482 
129 110 0 1 0 0 0.42498 
129 109 0 1 0 0 0.5123 
129 108 0 1 0 0 0.589212 
129 97 0 1 0 0 0.650944 
129 95 0 1 0 0 0.719425 
129 91 0 1 0 0 0.779931 
129 77 0 1 0 0 0.856534 
129 75 0 1 0 0 0.879947 
129 79 0 1 0 0 0.94779 
129 104 0 1 0 0 0.955782 
129 76 0 1 0 0 0.95924 
129 96 0 1 0 0 0.964244 
109 130 1 1 0 0 0.1 
130 110 0 1 0 0 0.142906 
130 108 0 1 0 0 0.169751 
130 111 0 1 0 0 0.231822 
130 97 0 1 0 0 0.249491 
130 116 0 1 0 0 0.315389 
130 95 0 1 0 0 0.323902 
130 91 0 1 0 0 0.41053 
130 120 0 1 0 0 0.410564 
130 128 0 1 0 0 0.465626 
130 77 0 1 0 0 0.501529 
130 129 0 1 0 0 0.54317 
130 75 0 1 0 0 0.543657 
130 76 0 1 0 0 0.598699 
130 79 0 1 0 0 0.608731 
130 83 0 1 0 0 0.618024 
123 131 1 1 0 0 0.1 
131 107 0 1 0 0 0.1858 
131 117 0 1 0 0 0.217553 
131 106 0 1 0 0 0.23027 
131 118 0 1 0 0 0.284408 
131 101 0 1 0 0 0.287478 
131 125 0 1 0 0 0.35522 
131 100 0 1 0 0 0.372469 
131 127 0 1 0 0 0.404682 
131 99 0 1 0 0 0.452664 
131 85 0 1 0 0 0.533347 
131 84 0 1 0 0 0.626071 
131 78 0 1 0 0 0.706338 
131 72 0 1 0 0 0.794087 
131 67 0 1 0 0 0.872441 
131 63 0 1 0 0 0.908007 
129 132 1 1 0 0 0.1 
132 128 0 1 0 0 0.180779 
132 120 0 1 0 0 0.271227 
132 116 0 1 0 0 0.338341 
132 111 0 1 0 0 0.404628 
132 110 0 1 0 0 0.48523 
132 109 0 1 0 0 0.576828 
132 130 0 1 0 0 0.595258 
132 108 0 1 0 0 0.657549 
132 97 0 1 0 0 0.7258 
132 95 0 1 0 0 0.797244 
132 91 0 1 0 0 0.863193 
132 77 0 1 0 0 0.942718 
132 75 0 1 0 0 0.966495 
132 104 0 1 0 0 1.02821 
132 79 0 1 0 0 1.03107 
119 133 1 1 0 0 0.1 
133 90 0 1 0 0 0.155069 
133 86 0 1 0 0 0.243037 
133 82 0 1 0 0 0.310626 
133 52 0 1 0 0 0.367522 
133 51 0 1 0 0 0.44914 
133 44 0 1 0 0 0.47642 
133 55 0 1 0 0 0.509757 
133 57 0 1 0 0 0.535868 
133 39 0 1 0 0 0.541554 
133 61 0 1 0 0 0.554461 
133 38 0 1 0 0 0.601736 
133 65 0 1 0 0 0.612102 
133 64 0 1 0 0 0.618598 
133 66 0 1 0 0 0.670229 
133 26 0 1 0 0 0.677707 
132 134 1 1 0 0 0.1 
134 129 0 1 0 0 0.184276 
134 128 0 1 0 0 0.26236 
134 120 0 1 0 0 0.35053 
134 116 0 1 0 0 0.421096 
134 111 0 1 0 0 0.483686 
134 110 0 1 0 0 0.566272 
134 109 0 1 0 0 0.658141 
134 130 0 1 0 0 0.676511 
134 108 0 1 0 0 0.735563 
134 97 0 1 0 0 0.805462 
134 95 0 1 0 0 0.874729 
134 91 0 1 0 0 0.940927 
134 77 0 1 0 0 1.01991 
134 75 0 1 0 0 1.04272 
134 104 0 1 0 0 1.08483 
134 79 0 1 0 0 1.09952 
54 135 1 1 0 0 0.1 
135 33 0 1 0 0 0.145221 
135 32 0 1 0 0 0.219944 
135 29 0 1 0 0 0.229568 
135 34 0 1 0 0 0.243089 
135 11 0 1 0 0 0.301193 
135 35 0 1 0 0 0.315656 
135 8 0 1 0 0 0.361863 
135 36 0 1 0 0 0.39775 
135 4 0 1 0 0 0.421875 
135 41 0 1 0 0 0.478978 
135 2 0 1 0 0 0.484795 
135 50 0 1 0 0 0.504871 
135 43 0 1 0 0 0.549562 
135 0 0 1 0 0 0.553812 
135 13 0 1 0 0 0.568828 
135 1 0 1 0 0 0.576142 
114 136 1 1 0 0 0.1 
136 112 0 1 0 0 0.146527 
136 126 0 1 0 0 0.147715 
136 104 0 1 0 0 0.237513 
136 103 0 1 0 0 0.303861 
136 96 0 1 0 0 0.341902 
136 92 0 1 0 0 0.420699 
136 89 0 1 0 0 0.463275 
136 88 0 1 0 0 0.555404 
136 87 0 1 0 0 0.604021 
136 83 0 1 0 0 0.684488 
136 113 0 1 0 0 0.693323 
136 91 0 1 0 0 0.757908 
136 79 0 1 0 0 0.759472 
136 77 0 1 0 0 0.767961 
136 95 0 1 0 0 0.799809 
136 76 0 1 0 0 0.831799 
133 137 1 1 0 0 0.1 
137 119 0 1 0 0 0.17963 
137 90 0 1 0 0 0.241357 
137 86 0 1 0 0 0.326081 
137 82 0 1 0 0 0.401089 
137 52 0 1 0 0 0.458907 
137 51 0 1 0 0 0.542595 
137 44 0 1 0 0 0.564586 
137 55 0 1 0 0 0.601196 
137 57 0 1 0 0 0.621878 
137 39 0 1 0 0 0.633317 
137 61 0 1 0 0 0.638839 
137 65 0 1 0 0 0.681439 
137 38 0 1 0 0 0.69371 
137 64 0 1 0 0 0.697929 
137 66 0 1 0 0 0.734242 
137 26 0 1 0 0 0.76808 
134 138 1 1 0 0 0.1 
138 132 0 1 0 0 0.162041 
138 129 0 1 0 0 0.210272 
138 128 0 1 0 0 0.292727 
138 120 0 1 0 0 0.375831 
138 116 0 1 0 0 0.458908 
138 111 0 1 0 0 0.526794 
138 110 0 1 0 0 0.614479 
138 109 0 1 0 0 0.703247 
138 130 0 1 0 0 0.732148 
138 108 0 1 0 0 0.775127 
138 97 0 1 0 0 0.836922 
138 95 0 1 0 0 0.903727 
138 91 0 1 0 0 0.963337 
138 77 0 1 0 0 1.0362 
138 75 0 1 0 0 1.05401 
138 104 0 1 0 0 1.09413 
138 139 1 1 0 0 0.1 
139 134 0 1 0 0 0.182156 
139 132 0 1 0 0 0.250045 
139 129 0 1 0 0 0.291095 
139 128 0 1 0 0 0.367083 
139 120 0 1 0 0 0.44511 
139 116 0 1 0 0 0.527148 
139 111 0 1 0 0 0.587359 
139 110 0 1 0 0 0.673704 
139 109 0 1 0 0 0.760461 
139 130 0 1 0 0 0.792133 
139 108 0 1 0 0 0.826945 
139 97 0 1 0 0 0.884458 
139 95 0 1 0 0 0.951531 
139 91 0 1 0 0 1.00981 
139 77 0 1 0 0 1.07819 
139 75 0 1 0 0 1.08972 
105 140 1 1 0 0 0.1 
140 94 0 1 0 0 0.190151 
140 121 0 1 0 0 0.226864 
140 80 0 1 0 0 0.239102 
140 69 0 1 0 0 0.335474 
140 60 0 1 0 0 0.385373 
140 63 0 1 0 0 0.429706 
140 59 0 1 0 0 0.466933 
140 62 0 1 0 0 0.480578 
140 67 0 1 0 0 0.497507 
140 45 0 1 0 0 0.501074 
140 43 0 1 0 0 0.513148 
140 50 0 1 0 0 0.527238 
140 72 0 1 0 0 0.531119 
140 41 0 1 0 0 0.56707 
140 78 0 1 0 0 0.569899 
140 84 0 1 0 0 0.599222 
136 141 1 1 0 0 0.1 
141 114 0 1 0 0 0.187347 
141 126 0 1 0 0 0.202595 
141 112 0 1 0 0 0.241974 
141 104 0 1 0 0 0.329804 
141 103 0 1 0 0 0.389499 
141 96 0 1 0 0 0.429085 
141 92 0 1 0 0 0.50236 
141 89 0 1 0 0 0.540673 
141 88 0 1 0 0 0.633118 
141 87 0 1 0 0 0.684009 
141 83 0 1 0 0 0.765751 
141 113 0 1 0 0 0.768802 
141 79 0 1 0 0 0.843598 
141 91 0 1 0 0 0.845176 
141 77 0 1 0 0 0.854025 
141 95 0 1 0 0 0.887293 
70 142 1 1 0 0 0.1 
142 66 0 1 0 0 0.170783 
142 71 0 1 0 0 0.187731 
142 73 0 1 0 0 0.208958 
142 65 0 1 0 0 0.229007 
142 64 0 1 0 0 0.25648 
142 74 0 1 0 0 0.304181 
142 61 0 1 0 0 0.343046 
142 76 0 1 0 0 0.355688 
142 75 0 1 0 0 0.392541 
142 79 0 1 0 0 0.396005 
142 57 0 1 0 0 0.431201 
142 83 0 1 0 0 0.43292 
142 77 0 1 0 0 0.448274 
142 113 0 1 0 0 0.455038 
142 87 0 1 0 0 0.476466 
142 88 0 1 0 0 0.500316 
137 143 1 1 0 0 0.1 
143 133 0 1 0 0 0.157126 
143 119 0 1 0 0 0.231875 
143 90 0 1 0 0 0.309218 
143 86 0 1 0 0 0.389919 
143 82 0 1 0 0 0.461875 
143 52 0 1 0 0 0.513201 
143 51 0 1 0 0 0.594433 
143 44 0 1 0 0 0.625882 
143 55 0 1 0 0 0.648536 
143 57 0 1 0 0 0.666414 
143 61 0 1 0 0 0.674593 
143 39 0 1 0 0 0.68986 
143 65 0 1 0 0 0.712316 
143 64 0 1 0 0 0.728083 
143 38 0 1 0 0 0.745695 
143 66 0 1 0 0 0.759497 
132 144 1 1 0 0 0.1 
144 134 0 1 0 0 0.149874 
144 129 0 1 0 0 0.173742 
144 138 0 1 0 0 0.220438 
144 128 0 1 0 0 0.240972 
144 139 0 1 0 0 0.291248 
144 120 0 1 0 0 0.329306 
144 116 0 1 0 0 0.378127 
144 111 0 1 0 0 0.429241 
144 110 0 1 0 0 0.49551 
144 109 0 1 0 0 0.588412 
144 130 0 1 0 0 0.593269 
144 108 0 1 0 0 0.673394 
144 97 0 1 0 0 0.742673 
144 95 0 1 0 0 0.821927 
144 91 0 1 0 0 0.893444 
144 77 0 1 0 0 0.973779 
126 145 1 1 0 0 0.1 
145 114 0 1 0 0 0.190756 
145 136 0 1 0 0 0.21688 
145 141 0 1 0 0 0.238982 
145 112 0 1 0 0 0.255386 
145 104 0 1 0 0 0.325616 
145 103 0 1 0 0 0.419009 
145 96 0 1 0 0 0.474149 
145 92 0 1 0 0 0.563873 
145 89 0 1 0 0 0.598489 
145 88 0 1 0 0 0.68781 
145 87 0 1 0 0 0.713877 
145 83 0 1 0 0 0.776397 
145 113 0 1 0 0 0.781309 
145 91 0 1 0 0 0.840316 
145 79 0 1 0 0 0.850865 
145 109 0 1 0 0 0.851865 
127 146 1 1 0 0 0.1 
146 125 0 1 0 0 0.174771 
146 118 0 1 0 0 0.243947 
146 117 0 1 0 0 0.322332 
146 107 0 1 0 0 0.389386 
146 106 0 1 0 0 0.439738 
146 123 0 1 0 0 0.456368 
146 101 0 1 0 0 0.4759 
146 131 0 1 0 0 0.499266 
146 100 0 1 0 0 0.523068 
146 99 0 1 0 0 0.607826 
146 85 0 1 0 0 0.666278 
146 84 0 1 0 0 0.743361 
146 78 0 1 0 0 0.825312 
146 63 0 1 0 0 0.899093 
146 72 0 1 0 0 0.911619 
146 67 0 1 0 0 0.949635 
143 147 1 1 0 0 0.1 
147 137 0 1 0 0 0.143678 
147 133 0 1 0 0 0.226138 
147 119 0 1 0 0 0.297503 
147 90 0 1 0 0 0.37018 
147 86 0 1 0 0 0.443908 
147 82 0 1 0 0 0.524796 
147 52 0 1 0 0 0.579747 
147 51 0 1 0 0 0.663503 
147 44 0 1 0 0 0.692991 
147 55 0 1 0 0 0.711778 
147 57 0 1 0 0 0.721232 
147 61 0 1 0 0 0.725721 
147 65 0 1 0 0 0.746682 
147 39 0 1 0 0 0.763751 
147 64 0 1 0 0 0.773766 
147 66 0 1 0 0 0.79221 
147 148 1 1 0 0 0.1 
148 143 0 1 0 0 0.189115 
148 137 0 1 0 0 0.216347 
148 133 0 1 0 0 0.30377 
148 119 0 1 0 0 0.361624 
148 90 0 1 0 0 0.436627 
148 86 0 1 0 0 0.501496 
148 82 0 1 0 0 0.590139 
148 52 0 1 0 0 0.652853 
148 51 0 1 0 0 0.740462 
148 44 0 1 0 0 0.769677 
148 55 0 1 0 0 0.787643 
148 61 0 1 0 0 0.791958 
148 57 0 1 0 0 0.79222 
148 65 0 1 0 0 0.799466 
148 64 0 1 0 0 0.833886 
148 39 0 1 0 0 0.841021 
144 149 1 1 0 0 0.1 
149 132 0 1 0 0 0.191381 
149 134 0 1 0 0 0.21202 
149 129 0 1 0 0 0.269278 
149 138 0 1 0 0 0.280058 
149 128 0 1 0 0 0.337077 
149 139 0 1 0 0 0.339214 
149 120 0 1 0 0 0.422723 
149 116 0 1 0 0 0.463478 
149 111 0 1 0 0 0.507667 
149 110 0 1 0 0 0.563356 
149 130 0 1 0 0 0.650638 
149 109 0 1 0 0 0.656374 
149 108 0 1 0 0 0.743304 
149 97 0 1 0 0 0.81326 
149 95 0 1 0 0 0.896294 
149 91 0 1 0 0 0.971069 
124 150 1 1 0 0 0.1 
150 122 0 1 0 0 0.178596 
150 115 0 1 0 0 0.230991 
150 102 0 1 0 0 0.250979 
150 98 0 1 0 0 0.345466 
150 68 0 1 0 0 0.422174 
150 58 0 1 0 0 0.517344 
150 56 0 1 0 0 0.605354 
150 81 0 1 0 0 0.611976 
150 53 0 1 0 0 0.699142 
150 49 0 1 0 0 0.788306 
150 48 0 1 0 0 0.840187 
150 40 0 1 0 0 0.922484 
150 31 0 1 0 0 0.9829 
150 18 0 1 0 0 1.06731 
150 10 0 1 0 0 1.1639 
150 15 0 1 0 0 1.24574 
139 151 1 1 0 0 0.1 
151 138 0 1 0 0 0.187427 
151 134 0 1 0 0 0.277909 
151 132 0 1 0 0 0.336964 
151 129 0 1 0 0 0.362464 
151 144 0 1 0 0 0.378089 
151 149 0 1 0 0 0.424059 
151 128 0 1 0 0 0.431239 
151 120 0 1 0 0 0.503451 
151 116 0 1 0 0 0.58964 
151 111 0 1 0 0 0.650325 
151 110 0 1 0 0 0.737659 
151 109 0 1 0 0 0.819408 
151 130 0 1 0 0 0.856861 
151 108 0 1 0 0 0.88135 
151 97 0 1 0 0 0.931572 
151 95 0 1 0 0 0.996467 
146 152 1 1 0 0 0.1 
152 127 0 1 0 0 0.167517 
152 125 0 1 0 0 0.221055 
152 118 0 1 0 0 0.304025 
152 117 0 1 0 0 0.385852 
152 107 0 1 0 0 0.463717 
152 106 0 1 0 0 0.518944 
152 123 0 1 0 0 0.521028 
152 131 0 1 0 0 0.555832 
152 101 0 1 0 0 0.562689 
152 100 0 1 0 0 0.612034 
152 99 0 1 0 0 0.697137 
152 85 0 1 0 0 0.75254 
152 84 0 1 0 0 0.828589 
152 78 0 1 0 0 0.908188 
152 63 0 1 0 0 0.98101 
152 72 0 1 0 0 0.99602 
149 153 1 1 0 0 0.1 
153 144 0 1 0 0 0.186651 
153 134 0 1 0 0 0.248095 
153 132 0 1 0 0 0.261337 
153 138 0 1 0 0 0.313305 
153 129 0 1 0 0 0.351308 
153 139 0 1 0 0 0.361659 
153 128 0 1 0 0 0.424052 
153 151 0 1 0 0 0.445659 
153 120 0 1 0 0 0.511363 
153 116 0 1 0 0 0.553769 
153 111 0 1 0 0 0.59753 
153 110 0 1 0 0 0.652552 
153 130 0 1 0 0 0.736628 
153 109 0 1 0 0 0.746487 
153 108 0 1 0 0 0.833187 
153 97 0 1 0 0 0.906086 
150 154 1 1 0 0 0.1 
154 124 0 1 0 0 0.150469 
154 122 0 1 0 0 0.232571 
154 115 0 1 0 0 0.290167 
154 102 0 1 0 0 0.299294 
154 98 0 1 0 0 0.38403 
154 68 0 1 0 0 0.462405 
154 58 0 1 0 0 0.560735 
154 56 0 1 0 0 0.647122 
154 81 0 1 0 0 0.661086 
154 53 0 1 0 0 0.735419 
154 49 0 1 0 0 0.827218 
154 48 0 1 0 0 0.883369 
154 40 0 1 0 0 0.964565 
154 31 0 1 0 0 1.03077 
154 18 0 1 0 0 1.11399 
154 10 0 1 0 0 1.20853 
154 155 1 1 0 0 0.1 
155 150 0 1 0 0 0.194507 
155 124 0 1 0 0 0.220822 
155 122 0 1 0 0 0.292375 
155 115 0 1 0 0 0.342375 
155 102 0 1 0 0 0.345388 
155 98 0 1 0 0 0.414934 
155 68 0 1 0 0 0.491538 
155 58 0 1 0 0 0.589775 
155 56 0 1 0 0 0.673237 
155 81 0 1 0 0 0.69006 
155 53 0 1 0 0 0.755178 
155 49 0 1 0 0 0.848337 
155 48 0 1 0 0 0.909113 
155 40 0 1 0 0 0.990226 
155 31 0 1 0 0 1.06099 
155 18 0 1 0 0 1.14347 
148 156 1 1 0 0 0.1 
156 147 0 1 0 0 0.1898 
156 143 0 1 0 0 0.273857 
156 137 0 1 0 0 0.311648 
156 133 0 1 0 0 0.393054 
156 119 0 1 0 0 0.440946 
156 90 0 1 0 0 0.52078 
156 86 0 1 0 0 0.576903 
156 82 0 1 0 0 0.668929 
156 52 0 1 0 0 0.733857 
156 51 0 1 0 0 0.822981 
156 65 0 1 0 0 0.849217 
156 61 0 1 0 0 0.855301 
156 44 0 1 0 0 0.857593 
156 57 0 1 0 0 0.864293 
156 55 0 1 0 0 0.865787 
156 66 0 1 0 0 0.888629 
152 157 1 1 0 0 0.1 
157 146 0 1 0 0 0.174611 
157 127 0 1 0 0 0.251302 
157 125 0 1 0 0 0.316147 
157 118 0 1 0 0 0.391494 
157 117 0 1 0 0 0.465955 
157 107 0 1 0 0 0.546488 
157 106 0 1 0 0 0.593917 
157 123 0 1 0 0 0.603876 
157 101 0 1 0 0 0.639627 
157 131 0 1 0 0 0.642007 
157 100 0 1 0 0 0.681644 
157 99 0 1 0 0 0.765482 
157 85 0 1 0 0 0.81526 
157 84 0 1 0 0 0.88905 
157 78 0 1 0 0 0.968863 
157 63 0 1 0 0 1.02389 
121 158 1 1 0 0 0.1 
158 94 0 1 0 0 0.178735 
158 105 0 1 0 0 0.201516 
158 140 0 1 0 0 0.245006 
158 80 0 1 0 0 0.271163 
158 69 0 1 0 0 0.319221 
158 60 0 1 0 0 0.401354 
158 63 0 1 0 0 0.49346 
158 59 0 1 0 0 0.49907 
158 67 0 1 0 0 0.503315 
158 62 0 1 0 0 0.511272 
158 72 0 1 0 0 0.519917 
158 45 0 1 0 0 0.525759 
158 43 0 1 0 0 0.557308 
158 78 0 1 0 0 0.568066 
158 84 0 1 0 0 0.589357 
158 50 0 1 0 0 0.592882 
151 159 1 1 0 0 0.1 
159 139 0 1 0 0 0.194988 
159 138 0 1 0 0 0.280937 
159 134 0 1 0 0 0.371319 
159 132 0 1 0 0 0.430084 
159 129 0 1 0 0 0.446769 
159 144 0 1 0 0 0.474836 
159 128 0 1 0 0 0.506013 
159 149 0 1 0 0 0.522264 
159 153 0 1 0 0 0.541872 
159 120 0 1 0 0 0.570638 
159 116 0 1 0 0 0.657893 
159 111 0 1 0 0 0.716836 
159 110 0 1 0 0 0.805277 
159 109 0 1 0 0 0.881978 
159 130 0 1 0 0 0.924589 
159 108 0 1 0 0 0.938122 
145 160 1 1 0 0 0.1 
160 126 0 1 0 0 0.193773 
160 114 0 1 0 0 0.271772 
160 141 0 1 0 0 0.280639 
160 136 0 1 0 0 0.281949 
160 112 0 1 0 0 0.33806 
160 104 0 1 0 0 0.415565 
160 103 0 1 0 0 0.50755 
160 96 0 1 0 0 0.556245 
160 92 0 1 0 0 0.642898 
160 89 0 1 0 0 0.67372 
160 88 0 1 0 0 0.764426 
160 87 0 1 0 0 0.792364 
160 83 0 1 0 0 0.853205 
160 113 0 1 0 0 0.859079 
160 130 0 1 0 0 0.88569 
160 109 0 1 0 0 0.886984 
154 161 1 1 0 0 0.1 
161 155 0 1 0 0 0.141027 
161 150 0 1 0 0 0.157138 
161 124 0 1 0 0 0.228297 
161 122 0 1 0 0 0.293384 
161 115 0 1 0 0 0.339657 
161 102 0 1 0 0 0.347171 
161 98 0 1 0 0 0.425328 
161 68 0 1 0 0 0.500162 
161 58 0 1 0 0 0.599101 
161 56 0 1 0 0 0.684645 
161 81 0 1 0 0 0.70513 
161 53 0 1 0 0 0.77119 
161 49 0 1 0 0 0.859955 
161 48 0 1 0 0 0.919231 
161 40 0 1 0 0 0.997211 
161 31 0 1 0 0 1.06103 
158 162 1 1 0 0 0.1 
162 121 0 1 0 0 0.17367 
162 94 0 1 0 0 0.266009 
162 105 0 1 0 0 0.287299 
162 140 0 1 0 0 0.322946 
162 80 0 1 0 0 0.357161 
162 69 0 1 0 0 0.39525 
162 60 0 1 0 0 0.478494 
162 67 0 1 0 0 0.564201 
162 72 0 1 0 0 0.566919 
162 63 0 1 0 0 0.573367 
162 59 0 1 0 0 0.573535 
162 62 0 1 0 0 0.584352 
162 45 0 1 0 0 0.593785 
162 78 0 1 0 0 0.612214 
162 84 0 1 0 0 0.631055 
162 43 0 1 0 0 0.633019 
160 163 1 1 0 0 0.1 
163 145 0 1 0 0 0.19509 
163 126 0 1 0 0 0.285124 
163 141 0 1 0 0 0.333133 
163 136 0 1 0 0 0.349216 
163 114 0 1 0 0 0.352323 
163 112 0 1 0 0 0.420218 
163 104 0 1 0 0 0.503445 
163 103 0 1 0 0 0.594248 
163 96 0 1 0 0 0.63435 
163 92 0 1 0 0 0.719613 
163 89 0 1 0 0 0.74721 
163 88 0 1 0 0 0.840007 
163 87 0 1 0 0 0.872834 
163 130 0 1 0 0 0.92996 
163 83 0 1 0 0 0.933324 
163 109 0 1 0 0 0.936607 
162 164 1 1 0 0 0.1 
164 158 0 1 0 0 0.185385 
164 121 0 1 0 0 0.270061 
164 94 0 1 0 0 0.359288 
164 105 0 1 0 0 0.37671 
164 140 0 1 0 0 0.40289 
164 80 0 1 0 0 0.449589 
164 69 0 1 0 0 0.483814 
164 60 0 1 0 0 0.56939 
164 72 0 1 0 0 0.647963 
164 67 0 1 0 0 0.649669 
164 63 0 1 0 0 0.660285 
164 59 0 1 0 0 0.664851 
164 62 0 1 0 0 0.672045 
164 45 0 1 0 0 0.686533 
164 78 0 1 0 0 0.688181 
164 84 0 1 0 0 0.698291 
81 165 1 1 0 0 0.1 
165 56 0 1 0 0 0.193642 
165 58 0 1 0 0 0.222301 
165 53 0 1 0 0 0.245702 
165 49 0 1 0 0 0.281505 
165 68 0 1 0 0 0.283142 
165 48 0 1 0 0 0.327444 
165 98 0 1 0 0 0.362401 
165 102 0 1 0 0 0.420164 
165 40 0 1 0 0 0.424989 
165 31 0 1 0 0 0.456484 
165 115 0 1 0 0 0.464559 
165 122 0 1 0 0 0.473977 
165 18 0 1 0 0 0.537627 
165 124 0 1 0 0 0.561781 
165 150 0 1 0 0 0.623599 
165 10 0 1 0 0 0.631474 
143 166 1 1 0 0 0.1 
166 147 0 1 0 0 0.157916 
166 137 0 1 0 0 0.17357 
166 133 0 1 0 0 0.209834 
166 148 0 1 0 0 0.251891 
166 119 0 1 0 0 0.29396 
166 156 0 1 0 0 0.330315 
166 90 0 1 0 0 0.357853 
166 86 0 1 0 0 0.443932 
166 82 0 1 0 0 0.502291 
166 52 0 1 0 0 0.539253 
166 51 0 1 0 0 0.61086 
166 44 0 1 0 0 0.639971 
166 55 0 1 0 0 0.663399 
166 57 0 1 0 0 0.685364 
166 61 0 1 0 0 0.697681 
166 39 0 1 0 0 0.702954 
153 167 1 1 0 0 0.1 
167 149 0 1 0 0 0.178116 
167 144 0 1 0 0 0.247446 
167 134 0 1 0 0 0.283411 
167 132 0 1 0 0 0.310677 
167 138 0 1 0 0 0.360001 
167 129 0 1 0 0 0.405549 
167 139 0 1 0 0 0.406147 
167 128 0 1 0 0 0.470605 
167 151 0 1 0 0 0.494886 
167 120 0 1 0 0 0.554128 
167 159 0 1 0 0 0.587614 
167 116 0 1 0 0 0.589828 
167 111 0 1 0 0 0.627597 
167 110 0 1 0 0 0.680077 
167 130 0 1 0 0 0.758424 
167 109 0 1 0 0 0.774118 
157 168 1 1 0 0 0.1 
168 152 0 1 0 0 0.193493 
168 146 0 1 0 0 0.266989 
168 127 0 1 0 0 0.334216 
168 125 0 1 0 0 0.402467 
168 118 0 1 0 0 0.471545 
168 117 0 1 0 0 0.538329 
168 107 0 1 0 0 0.623953 
168 106 0 1 0 0 0.66894 
168 123 0 1 0 0 0.67545 
168 131 0 1 0 0 0.71269 
168 101 0 1 0 0 0.720973 
168 100 0 1 0 0 0.759773 
168 99 0 1 0 0 0.844569 
168 85 0 1 0 0 0.890804 
168 84 0 1 0 0 0.964759 
168 78 0 1 0 0 1.0457 
167 169 1 1 0 0 0.1 
169 153 0 1 0 0 0.189957 
169 149 0 1 0 0 0.276134 
169 144 0 1 0 0 0.343668 
169 134 0 1 0 0 0.359517 
169 132 0 1 0 0 0.397386 
169 138 0 1 0 0 0.432298 
169 139 0 1 0 0 0.473254 
169 129 0 1 0 0 0.493486 
169 128 0 1 0 0 0.558073 
169 151 0 1 0 0 0.559509 
169 120 0 1 0 0 0.639347 
169 159 0 1 0 0 0.647691 
169 116 0 1 0 0 0.673496 
169 111 0 1 0 0 0.710317 
169 110 0 1 0 0 0.761061 
169 130 0 1 0 0 0.835493 
169 170 1 1 0 0 0.1 
170 167 0 1 0 0 0.164857 
170 153 0 1 0 0 0.235719 
170 149 0 1 0 0 0.320788 
170 144 0 1 0 0 0.391747 
170 134 0 1 0 0 0.413124 
170 132 0 1 0 0 0.445424 
170 138 0 1 0 0 0.485201 
170 139 0 1 0 0 0.531418 
170 129 0 1 0 0 0.54022 
170 128 0 1 0 0 0.600058 
170 151 0 1 0 0 0.613683 
170 120 0 1 0 0 0.683864 
170 159 0 1 0 0 0.700532 
170 116 0 1 0 0 0.71848 
170 111 0 1 0 0 0.759192 
170 110 0 1 0 0 0.808548 
164 171 1 1 0 0 0.1 
171 162 0 1 0 0 0.170454 
171 158 0 1 0 0 0.243959 
171 121 0 1 0 0 0.334287 
171 105 0 1 0 0 0.412343 
171 94 0 1 0 0 0.415236 
171 140 0 1 0 0 0.416843 
171 80 0 1 0 0 0.509372 
171 69 0 1 0 0 0.555851 
171 60 0 1 0 0 0.641688 
171 72 0 1 0 0 0.719413 
171 63 0 1 0 0 0.721532 
171 67 0 1 0 0 0.722715 
171 59 0 1 0 0 0.737533 
171 62 0 1 0 0 0.742387 
171 78 0 1 0 0 0.753027 
171 99 0 1 0 0 0.755947 
150 172 1 1 0 0 0.1 
172 124 0 1 0 0 0.149691 
172 154 0 1 0 0 0.17796 
172 122 0 1 0 0 0.217225 
172 161 0 1 0 0 0.236539 
172 155 0 1 0 0 0.263101 
172 115 0 1 0 0 0.265056 
172 102 0 1 0 0 0.294433 
172 98 0 1 0 0 0.388929 
172 68 0 1 0 0 0.456774 
172 58 0 1 0 0 0.545298 
172 165 0 1 0 0 0.617485 
172 81 0 1 0 0 0.621721 
172 56 0 1 0 0 0.629147 
172 53 0 1 0 0 0.725699 
172 49 0 1 0 0 0.811022 
172 48 0 1 0 0 0.861834 
