0 : 5665994  48311868
1 : 8195856  2400864
2 : 7533124  156509
3 : 4240645  38690
4 : 4386636  17651
5 : 2486912  5722
6 : 2626562  3774
7 : 1594907  1828
8 : 1740290  1240
9 : 1150551  597
10 : 1226986  345
11 : 737164  176
12 : 975112  186
13 : 602761  105
14 : 665030  187
15 : 522813  76
16 : 507037  39
17 : 372858  71
18 : 443351  43
19 : 309888  14
20 : 356672  21
21 : 277141  12
22 : 252734  12
23 : 210945  10
24 : 240223  13
25 : 187654  1
26 : 192599  0
27 : 173047  7
28 : 164897  9
29 : 133149  6
30 : 149524  3
31 : 118028  0
32 : 118796  2
33 : 104111  1
34 : 102651  0
35 : 95553  7
36 : 98572  2
37 : 81167  0
38 : 81900  0
39 : 77278  4
40 : 74893  0
41 : 64718  0
42 : 64701  0
43 : 57194  0
44 : 57069  0
45 : 55324  0
46 : 49721  0
47 : 47344  1
48 : 48099  0
49 : 43408  1
50 : 42786  0
51 : 40166  0
52 : 39828  0
53 : 35612  4
54 : 36855  2
55 : 33268  4
56 : 32768  0
57 : 31065  0
58 : 29032  0
59 : 28272  0
60 : 28431  0
61 : 25243  0
62 : 25002  0
63 : 23201  0
64 : 23687  0
65 : 22587  1
66 : 21639  1
67 : 20359  0
68 : 20210  1
69 : 18703  0
70 : 18221  0
71 : 17514  0
72 : 17713  0
73 : 16610  0
74 : 15783  0
75 : 15707  0
76 : 14903  0
77 : 14304  0
78 : 14083  0
79 : 13045  0
80 : 12819  0
81 : 12314  0
82 : 11700  0
83 : 11254  0
84 : 11459  0
85 : 10847  0
86 : 10461  0
87 : 9969  0
88 : 9777  0
89 : 9577  0
90 : 9203  0
91 : 8863  0
92 : 8427  0
93 : 8242  0
94 : 7832  0
95 : 7666  0
96 : 7508  0
97 : 7482  0
98 : 7018  0
99 : 6578  0
100 : 6561  0
101 : 6497  0
102 : 6221  0
103 : 6034  0
104 : 5915  0
105 : 5586  0
106 : 5588  0
107 : 5393  0
108 : 5155  0
109 : 4980  0
110 : 4899  0
111 : 4752  0
112 : 4465  0
113 : 4381  0
114 : 4349  0
115 : 4232  0
116 : 4091  0
117 : 3912  0
118 : 3738  0
119 : 3850  0
120 : 3610  0
121 : 3317  0
122 : 3437  0
123 : 3424  0
124 : 3261  0
125 : 3176  0
126 : 3052  0
127 : 3085  0
128 : 2993  0
129 : 2903  0
130 : 2934  0
131 : 2777  0
132 : 2702  0
133 : 2652  0
134 : 2521  0
135 : 2447  0
136 : 2357  0
137 : 2309  0
138 : 2182  0
139 : 2219  0
140 : 2125  0
141 : 2060  0
142 : 1994  0
143 : 1995  0
144 : 1954  0
145 : 1795  0
146 : 1836  0
147 : 1752  0
148 : 1679  0
149 : 1856  0
150 : 1649  0
151 : 1562  0
152 : 1515  0
153 : 1490  0
154 : 1515  0
155 : 1487  0
156 : 1471  0
157 : 1375  0
158 : 1338  0
159 : 1321  0
160 : 1272  0
161 : 1183  0
162 : 1283  0
163 : 1169  0
164 : 1162  0
165 : 1169  0
166 : 1150  0
167 : 1072  0
168 : 959  0
169 : 1070  0
170 : 1064  0
171 : 938  0
172 : 942  0
173 : 980  0
174 : 885  0
175 : 837  0
176 : 858  0
177 : 806  0
178 : 828  0
179 : 810  0
180 : 762  0
181 : 726  0
182 : 825  0
183 : 743  0
184 : 750  0
185 : 664  0
186 : 648  0
187 : 700  0
188 : 662  0
189 : 658  0
190 : 587  0
191 : 655  0
192 : 600  0
193 : 597  0
194 : 572  0
195 : 579  0
196 : 564  0
197 : 599  0
198 : 570  0
199 : 542  0
200 : 535  0
201 : 509  0
202 : 505  0
203 : 470  0
204 : 459  0
205 : 445  0
206 : 469  0
207 : 416  0
208 : 446  0
209 : 435  0
210 : 455  0
211 : 429  0
212 : 347  0
213 : 423  0
214 : 435  0
215 : 397  0
216 : 359  0
217 : 355  0
218 : 330  0
219 : 381  0
220 : 318  0
221 : 357  0
222 : 353  0
223 : 280  0
224 : 315  0
225 : 336  0
226 : 303  0
227 : 297  0
228 : 324  0
229 : 270  0
230 : 267  0
231 : 265  0
232 : 238  0
233 : 263  0
234 : 250  0
235 : 220  0
236 : 237  0
237 : 252  0
238 : 204  0
239 : 239  0
240 : 240  0
241 : 195  0
242 : 192  0
243 : 177  0
244 : 189  0
245 : 187  0
246 : 208  0
247 : 218  0
248 : 183  0
249 : 235  0
250 : 205  0
251 : 185  0
252 : 171  0
253 : 161  0
254 : 169  0
255 : 174  0
256 : 225  0
257 : 180  0
258 : 181  0
259 : 176  0
260 : 157  0
261 : 146  0
262 : 130  0
263 : 129  0
264 : 137  0
265 : 136  0
266 : 127  0
267 : 126  0
268 : 167  0
269 : 131  0
270 : 101  0
271 : 115  0
272 : 102  0
273 : 102  0
274 : 81  0
275 : 86  0
276 : 125  0
277 : 101  0
278 : 121  0
279 : 106  0
280 : 100  0
281 : 108  0
282 : 92  0
283 : 75  0
284 : 93  0
285 : 80  0
286 : 87  0
287 : 108  0
288 : 95  0
289 : 71  0
290 : 78  0
291 : 90  0
292 : 75  0
293 : 83  0
294 : 73  0
295 : 84  0
296 : 89  0
297 : 82  0
298 : 85  0
299 : 67  0
300 : 49  0
301 : 64  0
302 : 55  0
303 : 59  0
304 : 62  0
305 : 61  0
306 : 54  0
307 : 60  0
308 : 72  0
309 : 48  0
310 : 69  0
311 : 34  0
312 : 58  0
313 : 47  0
314 : 40  0
315 : 41  0
316 : 60  0
317 : 57  0
318 : 58  0
319 : 33  0
320 : 48  0
321 : 54  0
322 : 36  0
323 : 50  0
324 : 47  0
325 : 44  0
326 : 38  0
327 : 30  0
328 : 36  0
329 : 19  0
330 : 52  0
331 : 38  0
332 : 37  0
333 : 52  0
334 : 39  0
335 : 25  0
336 : 32  0
337 : 37  0
338 : 29  0
339 : 20  0
340 : 35  0
341 : 42  0
342 : 31  0
343 : 30  0
344 : 30  0
345 : 29  0
346 : 31  0
347 : 18  0
348 : 20  0
349 : 30  0
350 : 16  0
351 : 22  0
352 : 27  0
353 : 20  0
354 : 21  0
355 : 14  0
356 : 14  0
357 : 12  0
358 : 23  0
359 : 15  0
360 : 23  0
361 : 23  0
362 : 31  0
363 : 17  0
364 : 20  0
365 : 25  0
366 : 15  0
367 : 15  0
368 : 22  0
369 : 16  0
370 : 16  0
371 : 19  0
372 : 13  0
373 : 26  0
374 : 22  0
375 : 11  0
376 : 14  0
377 : 22  0
378 : 8  0
379 : 15  0
380 : 18  0
381 : 10  0
382 : 11  0
383 : 17  0
384 : 7  0
385 : 15  0
386 : 9  0
387 : 6  0
388 : 7  0
389 : 18  0
390 : 17  0
391 : 8  0
392 : 16  0
393 : 19  0
394 : 8  0
395 : 9  0
396 : 12  0
397 : 17  0
398 : 8  0
399 : 8  0
400 : 8  0
401 : 12  0
402 : 15  0
403 : 9  0
404 : 9  0
405 : 11  0
406 : 15  0
407 : 2  0
408 : 13  0
409 : 10  0
410 : 9  0
411 : 3  0
412 : 8  0
413 : 9  0
414 : 7  0
415 : 7  0
416 : 2  0
417 : 7  0
418 : 1  0
419 : 10  0
420 : 5  0
421 : 5  0
422 : 11  0
423 : 8  0
424 : 12  0
425 : 13  0
426 : 12  0
427 : 12  0
428 : 1  0
429 : 6  0
430 : 7  0
431 : 10  0
432 : 5  0
433 : 4  0
434 : 5  0
435 : 6  0
436 : 6  0
437 : 5  0
438 : 11  0
439 : 3  0
440 : 4  0
441 : 7  0
442 : 6  0
443 : 4  0
444 : 4  0
445 : 3  0
446 : 7  0
447 : 7  0
448 : 15  0
449 : 3  0
450 : 3  0
451 : 3  0
452 : 1  0
453 : 4  0
454 : 9  0
455 : 1  0
456 : 4  0
457 : 4  0
458 : 4  0
459 : 1  0
461 : 3  0
462 : 4  0
463 : 5  0
464 : 3  0
465 : 4  0
466 : 2  0
467 : 7  0
468 : 4  0
469 : 9  0
470 : 5  0
471 : 3  0
472 : 1  0
473 : 3  0
474 : 1  0
475 : 4  0
477 : 5  0
478 : 2  0
479 : 3  0
480 : 2  0
481 : 3  0
482 : 2  0
483 : 4  0
484 : 5  0
485 : 2  0
486 : 5  0
488 : 1  0
489 : 3  0
490 : 3  0
494 : 2  0
495 : 5  0
496 : 3  0
497 : 1  0
498 : 3  0
499 : 5  0
500 : 1  0
501 : 4  0
502 : 1  0
503 : 1  0
504 : 5  0
505 : 1  0
506 : 5  0
508 : 1  0
509 : 1  0
510 : 6  0
511 : 6  0
512 : 2  0
514 : 2  0
515 : 1  0
516 : 3  0
518 : 4  0
519 : 1  0
520 : 5  0
523 : 2  0
524 : 1  0
525 : 4  0
526 : 3  0
527 : 4  0
528 : 1  0
529 : 2  0
530 : 4  0
531 : 1  0
532 : 1  0
533 : 1  0
534 : 1  0
537 : 1  0
540 : 1  0
541 : 1  0
545 : 1  0
546 : 2  0
548 : 1  0
549 : 2  0
550 : 2  0
551 : 1  0
554 : 1  0
558 : 1  0
561 : 1  0
568 : 1  0
573 : 2  0
577 : 1  0
578 : 1  0
579 : 3  0
584 : 1  0
589 : 1  0
605 : 1  0
610 : 1  0
611 : 1  0
616 : 1  0
622 : 1  0
626 : 1  0
634 : 2  0
635 : 1  0
648 : 1  0
672 : 2  0
677 : 2  0
695 : 1  0
704 : 1  0
712 : 1  0
734 : 2  0
809 : 1  0
