0 : 3010706  24348773
1 : 5269203  1329150
2 : 4166592  76230
3 : 2224319  16653
4 : 2050422  6826
5 : 1159606  1971
6 : 1219481  1318
7 : 728031  509
8 : 765310  270
9 : 515732  60
10 : 510861  32
11 : 339776  8
12 : 410924  17
13 : 271124  7
14 : 281992  19
15 : 221267  2
16 : 222051  2
17 : 161876  4
18 : 186289  0
19 : 133584  0
20 : 144846  1
21 : 115706  0
22 : 105757  1
23 : 89444  2
24 : 98088  1
25 : 78438  0
26 : 80088  0
27 : 71226  0
28 : 67406  1
29 : 55375  1
30 : 59598  0
31 : 48784  0
32 : 49108  0
33 : 43448  0
34 : 41018  0
35 : 38176  0
36 : 38387  0
37 : 32574  0
38 : 31887  0
39 : 30369  1
40 : 29361  0
41 : 25331  0
42 : 24869  0
43 : 22625  0
44 : 22008  0
45 : 21447  0
46 : 19649  0
47 : 18519  0
48 : 18449  0
49 : 16632  0
50 : 16407  0
51 : 15238  0
52 : 15074  0
53 : 13465  1
54 : 13698  0
55 : 12543  1
56 : 12193  0
57 : 11449  0
58 : 10679  0
59 : 10087  0
60 : 10193  0
61 : 9301  0
62 : 8995  0
63 : 8470  0
64 : 8503  0
65 : 8110  0
66 : 7609  0
67 : 7258  0
68 : 7083  0
69 : 6431  0
70 : 6377  0
71 : 6113  0
72 : 6193  0
73 : 5669  0
74 : 5573  0
75 : 5529  0
76 : 5069  0
77 : 4912  0
78 : 4680  0
79 : 4491  0
80 : 4334  0
81 : 4143  0
82 : 3933  0
83 : 3760  0
84 : 3671  0
85 : 3517  0
86 : 3351  0
87 : 3044  0
88 : 3181  0
89 : 2979  0
90 : 2933  0
91 : 2740  0
92 : 2692  0
93 : 2530  0
94 : 2404  0
95 : 2351  0
96 : 2244  0
97 : 2403  0
98 : 2191  0
99 : 2060  0
100 : 2045  0
101 : 1982  0
102 : 1848  0
103 : 1805  0
104 : 1814  0
105 : 1688  0
106 : 1650  0
107 : 1575  0
108 : 1521  0
109 : 1499  0
110 : 1517  0
111 : 1377  0
112 : 1295  0
113 : 1296  0
114 : 1273  0
115 : 1161  0
116 : 1139  0
117 : 1094  0
118 : 1026  0
119 : 1034  0
120 : 959  0
121 : 921  0
122 : 941  0
123 : 934  0
124 : 885  0
125 : 900  0
126 : 797  0
127 : 810  0
128 : 861  0
129 : 747  0
130 : 830  0
131 : 717  0
132 : 682  0
133 : 709  0
134 : 694  0
135 : 670  0
136 : 605  0
137 : 678  0
138 : 537  0
139 : 564  0
140 : 566  0
141 : 529  0
142 : 468  0
143 : 529  0
144 : 477  0
145 : 500  0
146 : 475  0
147 : 467  0
148 : 368  0
149 : 453  0
150 : 418  0
151 : 373  0
152 : 374  0
153 : 353  0
154 : 371  0
155 : 368  0
156 : 348  0
157 : 321  0
158 : 292  0
159 : 334  0
160 : 298  0
161 : 280  0
162 : 320  0
163 : 289  0
164 : 259  0
165 : 247  0
166 : 277  0
167 : 223  0
168 : 214  0
169 : 225  0
170 : 233  0
171 : 228  0
172 : 192  0
173 : 224  0
174 : 195  0
175 : 185  0
176 : 178  0
177 : 175  0
178 : 154  0
179 : 193  0
180 : 180  0
181 : 167  0
182 : 180  0
183 : 152  0
184 : 159  0
185 : 138  0
186 : 136  0
187 : 149  0
188 : 160  0
189 : 140  0
190 : 133  0
191 : 138  0
192 : 113  0
193 : 128  0
194 : 136  0
195 : 121  0
196 : 121  0
197 : 121  0
198 : 131  0
199 : 123  0
200 : 115  0
201 : 109  0
202 : 126  0
203 : 103  0
204 : 101  0
205 : 87  0
206 : 93  0
207 : 97  0
208 : 101  0
209 : 94  0
210 : 95  0
211 : 90  0
212 : 86  0
213 : 97  0
214 : 82  0
215 : 70  0
216 : 86  0
217 : 67  0
218 : 84  0
219 : 81  0
220 : 76  0
221 : 83  0
222 : 77  0
223 : 50  0
224 : 61  0
225 : 84  0
226 : 48  0
227 : 75  0
228 : 81  0
229 : 54  0
230 : 57  0
231 : 43  0
232 : 57  0
233 : 51  0
234 : 49  0
235 : 45  0
236 : 45  0
237 : 61  0
238 : 49  0
239 : 53  0
240 : 48  0
241 : 57  0
242 : 33  0
243 : 47  0
244 : 40  0
245 : 42  0
246 : 42  0
247 : 53  0
248 : 32  0
249 : 43  0
250 : 39  0
251 : 38  0
252 : 29  0
253 : 27  0
254 : 33  0
255 : 44  0
256 : 37  0
257 : 41  0
258 : 48  0
259 : 36  0
260 : 23  0
261 : 33  0
262 : 22  0
263 : 30  0
264 : 31  0
265 : 30  0
266 : 26  0
267 : 33  0
268 : 33  0
269 : 26  0
270 : 24  0
271 : 25  0
272 : 21  0
273 : 22  0
274 : 19  0
275 : 17  0
276 : 22  0
277 : 13  0
278 : 21  0
279 : 20  0
280 : 21  0
281 : 24  0
282 : 13  0
283 : 17  0
284 : 20  0
285 : 14  0
286 : 15  0
287 : 19  0
288 : 24  0
289 : 12  0
290 : 16  0
291 : 21  0
292 : 6  0
293 : 13  0
294 : 15  0
295 : 25  0
296 : 21  0
297 : 19  0
298 : 20  0
299 : 9  0
300 : 9  0
301 : 18  0
302 : 7  0
303 : 11  0
304 : 13  0
305 : 6  0
306 : 12  0
307 : 11  0
308 : 13  0
309 : 6  0
310 : 10  0
311 : 8  0
312 : 11  0
313 : 9  0
314 : 8  0
315 : 12  0
316 : 9  0
317 : 13  0
318 : 8  0
319 : 7  0
320 : 8  0
321 : 6  0
322 : 10  0
323 : 11  0
324 : 11  0
325 : 6  0
326 : 4  0
327 : 5  0
328 : 6  0
329 : 3  0
330 : 9  0
331 : 11  0
332 : 8  0
333 : 12  0
334 : 3  0
335 : 5  0
336 : 7  0
337 : 6  0
338 : 12  0
339 : 2  0
340 : 6  0
341 : 5  0
342 : 4  0
343 : 7  0
344 : 2  0
345 : 6  0
346 : 4  0
347 : 4  0
348 : 8  0
349 : 6  0
350 : 2  0
351 : 3  0
352 : 5  0
353 : 2  0
354 : 3  0
355 : 3  0
356 : 6  0
357 : 1  0
358 : 7  0
359 : 5  0
360 : 3  0
361 : 5  0
362 : 6  0
363 : 5  0
365 : 3  0
366 : 4  0
367 : 5  0
368 : 7  0
369 : 4  0
370 : 2  0
371 : 7  0
372 : 2  0
373 : 5  0
374 : 9  0
375 : 4  0
376 : 1  0
377 : 1  0
378 : 3  0
379 : 2  0
380 : 3  0
381 : 2  0
383 : 3  0
384 : 3  0
385 : 3  0
387 : 1  0
388 : 1  0
389 : 3  0
390 : 2  0
392 : 4  0
393 : 2  0
394 : 2  0
395 : 2  0
396 : 1  0
397 : 5  0
398 : 2  0
399 : 1  0
400 : 1  0
401 : 3  0
402 : 5  0
403 : 1  0
404 : 2  0
405 : 1  0
406 : 3  0
408 : 1  0
409 : 4  0
410 : 2  0
413 : 3  0
414 : 2  0
415 : 1  0
417 : 1  0
418 : 1  0
419 : 2  0
420 : 1  0
421 : 1  0
422 : 3  0
423 : 1  0
424 : 4  0
426 : 3  0
427 : 1  0
429 : 2  0
431 : 1  0
432 : 2  0
433 : 1  0
434 : 2  0
435 : 1  0
436 : 1  0
437 : 2  0
438 : 1  0
440 : 1  0
443 : 1  0
447 : 3  0
448 : 4  0
451 : 1  0
454 : 2  0
456 : 1  0
457 : 1  0
464 : 1  0
466 : 1  0
467 : 2  0
468 : 1  0
469 : 2  0
470 : 1  0
473 : 1  0
475 : 1  0
478 : 1  0
479 : 1  0
484 : 1  0
486 : 2  0
496 : 2  0
499 : 3  0
503 : 1  0
510 : 2  0
511 : 1  0
514 : 1  0
519 : 1  0
520 : 1  0
528 : 1  0
530 : 1  0
534 : 1  0
541 : 1  0
573 : 1  0
610 : 1  0
616 : 1  0
622 : 1  0
626 : 1  0
